固定形状二维扫描（r1 × τc1），只统计门槛内事件；列：回落均/回落峰/保证段偏差/保压std/空载偏差/稳时

τc1\r1                   0.04                  0.06                  0.08                  0.10                  0.12                  0.16                  0.20                  0.24                  0.30                  0.34
4                 224 /  -793           231 /  -968           239 / -1141           246 / -1307           252 / -1469           267 / -1776           306 / -2066           354 / -2338           440 / -2719           507 / -2956
8                 246 /  -726           264 /  -872           283 / -1016           303 / -1156           324 / -1293           373 / -1557           439 / -1807           511 / -2046           654 / -2386           750 / -2604
16                246 /  -630           266 /  -732           286 /  -832           304 /  -928           323 / -1024           369 / -1210           444 / -1393           557 / -1581           752 / -1888           893 / -2098
24                240 /  -577           257 /  -654           273 /  -730           289 /  -804           305 /  -877           348 / -1019           414 / -1159           523 / -1304           716 / -1550           849 / -1726
32                234 /  -545           249 /  -607           263 /  -668           277 /  -728           291 /  -787           322 /  -902           373 / -1015           459 / -1128           627 / -1315           748 / -1456
48                228 /  -510           238 /  -553           249 /  -597           260 /  -640           270 /  -683           291 /  -768           322 /  -850           358 /  -929           469 / -1051           560 / -1136
64                223 /  -490           232 /  -524           240 /  -557           249 /  -591           258 /  -625           274 /  -691           291 /  -756           318 /  -820           368 /  -913           430 /  -975
96                218 /  -468           224 /  -492           231 /  -516           236 /  -539           242 /  -562           255 /  -608           266 /  -654           278 /  -699           302 /  -766           320 /  -809

每格 = 回落均 / 保证段偏差（干净保压事件宏平均）

τc1     r1            回落均      保证段偏差     保压std      空载偏差        稳时      回落时刻
4       0.04        224.3     -792.5      43.5      -0.5       6.8       nan
4       0.06        230.9     -968.2      40.6      -0.7       6.9       nan
4       0.08        238.6    -1140.6      38.1      -0.9       6.9       nan
4       0.10        245.6    -1307.2      36.0      -1.1       6.9       nan
4       0.12        252.5    -1468.5      34.0      -1.3      10.1       nan
4       0.16        266.5    -1776.3      31.4      -1.7      10.1       nan
4       0.20        305.8    -2065.6      29.4      -2.1      10.1       nan
4       0.24        353.6    -2338.4      28.0      -2.4      10.3       nan
4       0.30        439.6    -2718.9      26.8      -3.0      10.0       nan
4       0.34        507.2    -2955.7      26.4      -3.3       9.3       nan
8       0.04        245.8     -726.1      41.4      -0.3       7.0       nan
8       0.06        264.2     -872.4      38.2      -0.5      10.2       nan
8       0.08        283.2    -1016.0      35.7      -0.6      10.4       nan
8       0.10        302.9    -1156.1      34.1      -0.7      10.6       nan
8       0.12        323.8    -1293.0      33.2      -0.9      10.8       nan
8       0.16        373.3    -1556.8      33.4      -1.1      10.9       nan
8       0.20        438.7    -1806.8      35.7      -1.4      11.0       nan
8       0.24        511.1    -2046.1      39.7      -1.6      11.0       nan
8       0.30        653.6    -2385.9      46.8      -2.0      11.2       nan
8       0.34        749.9    -2604.0      52.2      -2.2      11.2       nan
16      0.04        246.2     -629.8      42.8      -0.2       7.0       nan
16      0.06        265.9     -731.8      39.9      -0.3      10.4       nan
16      0.08        285.6     -831.8      37.8      -0.4      10.5       nan
16      0.10        303.9     -928.4      36.3      -0.4      10.7       nan
16      0.12        323.0    -1024.0      35.3      -0.5      10.8       nan
16      0.16        368.7    -1209.9      35.0      -0.7      11.0       nan
16      0.20        443.8    -1393.0      37.1      -0.8      11.4       nan
16      0.24        556.8    -1580.8      40.3      -1.0      14.1       nan
16      0.30        752.4    -1888.1      47.2      -1.2      18.7       nan
16      0.34        892.9    -2098.0      52.6      -1.3      20.2       nan
24      0.04        239.9     -577.2      44.2      -0.2       7.0       nan
24      0.06        256.7     -654.4      41.7      -0.2      10.2       nan
24      0.08        273.3     -730.2      39.6      -0.3      10.5       nan
24      0.10        289.4     -804.2      38.1      -0.3      10.6       nan
24      0.12        305.2     -876.9      36.8      -0.4      10.8       nan
24      0.16        347.7    -1019.2      35.6      -0.5      11.0       nan
24      0.20        414.1    -1158.6      35.5      -0.6      11.5       nan
24      0.24        522.7    -1304.1      37.4      -0.7      14.6       nan
24      0.30        715.8    -1549.8      41.4      -0.9      21.1       nan
24      0.34        849.1    -1725.6      45.0      -1.0      22.3       nan
32      0.04        234.4     -545.3      45.2      -0.1       7.0       nan
32      0.06        249.0     -607.4      43.0      -0.2       7.0       nan
32      0.08        263.0     -668.0      41.2      -0.2      10.4       nan
32      0.10        276.8     -728.1      39.5      -0.3      10.5       nan
32      0.12        291.0     -787.4      38.3      -0.3      10.6       nan
32      0.16        322.4     -902.0      36.4      -0.4      10.9       nan
32      0.20        372.6    -1014.7      35.8      -0.5      11.2       nan
32      0.24        459.5    -1128.0      35.9      -0.6      13.8       nan
32      0.30        626.7    -1315.3      38.1      -0.7      20.2       nan
32      0.34        747.6    -1456.3      40.2      -0.8      22.6       nan
48      0.04        227.8     -509.8      46.5      -0.1       6.9       nan
48      0.06        238.1     -553.1      44.8      -0.1       7.0       nan
48      0.08        249.3     -597.2      43.2      -0.2       7.0       nan
48      0.10        259.6     -640.1      41.8      -0.2      10.4       nan
48      0.12        270.1     -683.0      40.6      -0.2      10.5       nan
48      0.16        291.2     -767.6      38.5      -0.3      10.6       nan
48      0.20        321.7     -849.6      37.2      -0.3      11.0       nan
48      0.24        357.5     -928.8      36.2      -0.4      11.2       nan
48      0.30        468.9    -1051.0      35.9      -0.5      14.1       nan
48      0.34        560.1    -1136.3      36.3      -0.5      18.5       nan
64      0.04        223.1     -489.6      47.3      -0.1       6.9       nan
64      0.06        231.8     -523.7      45.9      -0.1       7.0       nan
64      0.08        240.2     -557.3      44.5      -0.1       7.0       nan
64      0.10        249.1     -591.2      43.4      -0.2       7.0       nan
64      0.12        257.5     -625.0      42.2      -0.2      10.4       nan
64      0.16        274.0     -690.9      40.3      -0.2      10.5       nan
64      0.20        291.1     -756.2      38.7      -0.3      10.6       nan
64      0.24        318.1     -819.8      37.7      -0.3      11.0       nan
64      0.30        367.8     -912.7      36.4      -0.4      11.3       nan
64      0.34        429.6     -975.5      36.1      -0.4      13.6       nan
96      0.04        218.0     -468.1      48.3      -0.1       6.8       nan
96      0.06        224.3     -491.9      47.2      -0.1       6.9       nan
96      0.08        230.5     -515.5      46.2      -0.1       6.9       nan
96      0.10        236.4     -538.5      45.3      -0.1       7.0       nan
96      0.12        242.4     -561.7      44.3      -0.1       7.0       nan
96      0.16        254.6     -608.1      42.7      -0.2       7.3       nan
96      0.20        266.2     -653.7      41.3      -0.2      10.4       nan
96      0.24        278.2     -699.2      40.0      -0.2      10.5       nan
96      0.30        302.4     -766.0      38.4      -0.3      10.8       nan
96      0.34        320.0     -809.4      37.8      -0.3      11.0       nan
