变体             hump_ir均   hump_ir峰    dip_ir均    dip_ir峰      保证段偏差         稳时
base             6164.0     7123.1     2573.4     2277.1    -1393.5       25.7
A_store          5546.7     6496.5     2380.8     2138.4     -521.2       24.7
A_amp            6662.3     7556.6     2774.0     2335.7    -1831.3       27.0
B_tau_k4f        6032.4     6895.0     2626.4     2281.0    -1117.5       25.9
B_bi             5602.7     6544.8     2244.0     1991.5     -913.0       23.6
B_bi_light       5503.6     6427.4     2266.2     2034.8     -559.7       22.6
B_bi2            5527.5     6426.7     2168.7     1866.0     -849.3       23.6
B_bi_slow        5455.6     6363.5     2186.4     1912.1     -655.4       22.7
C_lp_t3          6209.0     7097.1     2672.8     2312.1    -1286.5       26.0
S_r1_0.06        5798.9     6756.4     2461.3     2224.3     -904.6       25.7
S_tc1_32         5858.5     6709.9     2581.0     2264.0     -887.7       25.6
S_tc1_64         5687.4     6562.5     2500.6     2232.5     -680.5       31.5
S_r1_0.08_tc1_32     5710.5     6599.5     2498.8     2236.6     -723.2       25.8
