变体                      回落ADC          保证段偏差      保压std         x1超调
base                    323.8        -1293.0       33.2      -4066.7
A_store                 225.6         -574.7       45.5      -4447.9
A_amp                   543.7        -1628.6       49.0      -3716.2
B_tau_k2                334.6        -1191.6       34.3      -4094.4
B_tau_k4                328.7        -1062.6       35.2      -4150.7
B_tau_k4f               318.8         -981.8       35.7      -4198.1
B_bi                      5.7         -874.4       48.2      -4367.7
B_bi_slow               -77.1         -645.9       48.9      -4417.8
B_bi_light               40.9         -614.9       46.9      -4414.3
B_bi2                  -116.6         -784.4       48.2      -4367.7
C_lp_t3                 387.4        -1150.9       37.7      -4034.4
C_lp_t6                 385.4         -993.7       38.0      -4145.6
S_r1_0.06               264.2         -872.4       38.2      -4289.3
S_r1_0.08               283.2        -1016.0       35.7      -4213.1
S_r1_0.16               373.3        -1556.8       33.4      -3928.0
S_r1_0.24               511.1        -2046.1       39.7      -3672.3
S_r1_0.30               653.6        -2385.9       46.8      -3498.4
S_r1_0.34               749.9        -2604.0       52.2      -3390.3
S_tc1_16                323.0        -1024.0       35.3      -4193.0
S_tc1_32                291.0         -787.4       38.3      -4325.4
S_tc1_64                257.5         -625.0       42.2      -4417.2
S_r1_0.24_tc1_4         353.6        -2338.4       28.0      -3721.0
S_r1_0.30_tc1_64        367.8         -912.7       36.4      -4251.9
S_r1_0.08_tc1_32        263.0         -668.0       41.2      -4392.8
