== 臂 v36:--seed-gain:1.0:--v36-d:400：逐事件交接帧对账 ==
    t_on      base    base_y    y0_sum     A_hat   inc_max      落定增量      A_ho    r_est   ded_ho
    3.34      2413      2429      2429      9639     10192     10915     12068    0.054      636
   15.18     13396     12158     12158      3190      3109      3429     15348   -0.026      836
   41.75     14470     12851     12851      2919      2820      3051     15770   -0.035     1734
   63.41     14659     12759     12759      2687      2588      2913     15446   -0.038     1950
  232.23     15202     12593     12593      2594      2454      2354     15187   -0.057     2090
  245.31      2594      2589      2589     14460     14403     14564     14621    0.165     2818
  258.25      2564     11899     11899      3629      3577     14978     15528   -0.015     1982
  278.50      2648      2643      2643     14960     14750     14768     14999    0.162     2736
  289.50     14436     12181     12181      3409      3544      3262     15591    0.038     1990
  300.50      2610     12203     12203      3177      3206     14754     15380    0.009     2289
