== 输入电平台阶表（门限 600 ADC，合并 0.8 s）==
       t          前电平          后电平        Δ输入        前显示        后显示
    3.50         2408        11241       8834       2424      12070
    4.50        11241        12000        760      11295      12071
    6.50        12000        12614        614      12073      12357
   10.00        12614        13234        620      12438      12381
   15.00        13234        15841       2606      12332      15475
   16.50        15841        16462        621      15279      15465
   37.00        16462        14378      -2084      15367      13020
   41.50        14378        17032       2654      12928      15825
   57.50        17032        14579      -2452      15762      12967
   63.50        14579        16929       2350      12776      15466
   77.50        16929        17540        610      15481      15534
  216.50        17540        15078      -2461      15479      12906
  232.00        15078        16804       1726      12753      15143
  233.00        16804        17406        602      14346      15184
  240.00        17406         2896     -14510      15229       2588
  245.00         2896        15848      12952       2592      16574
  246.50        15848        16617        769      15925      16982
  250.00        16617        17276        659      17100      17234
  252.00        17276        14794      -2482      17238      14691
  255.50        14794         2648     -12146      14670       2550
  258.00         2648        13018      10370       2558      13493
  260.00        13018        13684        667      13402      14486
  261.50        13684        17044       3359      13840      17321
  270.50        17044        17645        602      17539      17577
  275.50        17645         2735     -14910      17551       2644
  278.50         2735        16570      13836       2640      17157
  280.00        16570        17174        603      16651      17291
  282.50        17174        14296      -2878      17300      14384
  289.50        14296        17784       3488      14497      17681
  295.50        17784        14696      -3089      17790      14715
  297.50        14696         2726     -11970      14717       2612
  300.50         2726        13454      10728       2591      13968
  302.50        13454        14122        668      13861      17202
  303.50        14122        17220       3098      14127      17358
  308.00        17220        15234      -1986      17387      15161

上行沿 24 个：Δ 中位 1247  范围 602~13836
上行沿（前电平 < 5000 的「从零/近零起跳」）：
   t=    3.50  Δ=   +8834  前=   2408 → 后=  11241
   t=  245.00  Δ=  +12952  前=   2896 → 后=  15848
   t=  258.00  Δ=  +10370  前=   2648 → 后=  13018
   t=  278.50  Δ=  +13836  前=   2735 → 后=  16570
   t=  300.50  Δ=  +10728  前=   2726 → 后=  13454
下行沿 11 个：Δ 中位 -2878  范围 -14910~-1986
