臂 v31  参数 []
       t       state     ev_kind         tau           g       A_sum     pct_sum         ded      sum_in     sum_out
  247.00         1.0         0.0         2.0         0.0      1606.6         0.0       -81.4     16743.0     16824.5
  247.40         1.0         0.0         2.4         0.0      1606.6         0.0       -81.6     16837.5     16919.2
  247.80         1.0         0.0         2.8         0.0      1606.6         0.0       -80.6     16905.5     16986.3
  248.20         1.0         0.0         3.2         0.0      1606.6         0.0       -79.0     16964.5     17039.7
  248.60         2.0         0.0        -1.0        -0.0     17048.1         0.0       -40.5     17008.0     17052.6
  249.00         2.0         0.0        -1.0        -0.0     17048.1         1.2       -36.8     17060.5     17096.4
  249.40         2.0         0.0        -1.0        -0.0     17048.1         4.5       -25.5     17130.0     17156.6
  249.80         2.0         0.0        -1.0        -0.0     17048.1        11.2        -5.2     17255.0     17256.0
  250.20         2.0         0.0        -1.0         0.0     17048.1        20.0        24.7     17284.0     17255.0
  250.60         2.0         0.0        -1.0         0.0     17048.1        28.4        58.5     17306.5     17246.5
  251.00         2.0         0.0        -1.0         0.0     17048.1        36.1        90.3     17333.0     17240.2
  251.40         2.0         0.0        -1.0         0.0     17048.1        43.2       119.5     17351.0     17236.1
  251.80         2.0         0.0        -1.0         0.0     17048.1        48.2       139.7     17358.0     17217.3
