== 目标录制：逐加载沿的归一化形状（形状 = (x(t) − 沿前基线) / 本段落定增量）==
    t_on         基线       落定增量     40s末增量   备注
    3.34       2416      10904          -   窗到 14.2 s
   15.18      13418       3504          -   窗到 36.0 s
   41.75      14473       3053          -   窗到 55.9 s
   63.41      14659       2992          -   窗到 103.4 s
  232.23      15203       2414          -   窗到 239.1 s
  261.72      13684       3983          -   窗到 274.7 s

== 归一化输入形状（相对本段落定增量）==
    t_on    0.00    0.20    0.50    1.00    1.50    2.00    3.00    4.00    6.00    8.00   10.00   15.00   20.00   30.00
    3.34   0.793   0.812   0.834   0.856   0.898   0.912   0.933   0.952   0.988   0.999   1.008     nan     nan     nan
   15.18   0.772   0.786   0.824   0.855   0.873   0.884   0.898   0.912   0.930   0.946   0.962   0.983   1.010     nan
   41.75   0.782   0.827   0.856   0.883   0.895   0.910   0.925   0.949   0.973   0.995   1.001     nan     nan     nan
   63.41   0.746   0.772   0.801   0.822   0.843   0.858   0.864   0.876   0.885   0.893   0.915   0.963   0.986   0.993
  232.23   0.864   0.881   0.900   0.921   0.940   0.952   0.963   0.972   0.997     nan     nan     nan     nan     nan
  261.72   0.817   0.840   0.862   0.891   0.910   0.923   0.935   0.941   0.956   0.973   1.003     nan     nan     nan

== 归一化显示形状（相对本段落定增量）==
    t_on    0.00    0.20    0.50    1.00    1.50    2.00    3.00    4.00    6.00    8.00   10.00   15.00   20.00   30.00
    3.34   0.795   0.817   0.839   0.861   0.887   0.886   0.885   0.902   0.919   0.914   0.910     nan     nan     nan
   15.18   0.457   0.462   0.581   0.586   0.585   0.585   0.586   0.626   0.605   0.598   0.596   0.580   0.555     nan
   41.75   0.289   0.334   0.414   0.444   0.445   0.446   0.447   0.434   0.453   0.441   0.422     nan     nan     nan
   63.41   0.124   0.161   0.227   0.270   0.270   0.265   0.258   0.164   0.216   0.239   0.266   0.287   0.281   0.268
  232.23  -0.163  -0.149  -0.098  -0.014  -0.010  -0.008  -0.013   0.097   0.036     nan     nan     nan     nan     nan
  261.72   0.835   0.861   0.883   0.912   0.930   0.942   0.947   0.949   0.958   0.966   0.977     nan     nan     nan

== 逐沿「补偿量 ded 的时间轨迹」（段内，相对沿）==
    t_on     0.5     1.0     2.0     3.0     5.0     8.0    12.0    20.0    30.0    40.0
    3.34     -55     -56     280     520     645     930     nan     nan     nan     nan
   15.18     874     933    1059    1092    1075    1217    1360    1593     nan     nan
   41.75    1336    1346    1414    1456    1562    1694    1793     nan     nan     nan
   63.41    1727    1644    1768    1816    2058    1955    1977    2109    2169     nan
  232.23    2411    2269    2316    2355    2227     nan     nan     nan     nan     nan
  261.72     -83     -83     -75     -45     -18      30     151     nan     nan     nan
