== v36:--seed-gain:1.0：r(t) 与 ded/A 轨迹 ==
       t      r(会话)        ded      A_sum      ded/A      state
     0.0     0.0000          0          0        nan          0
     5.0     0.0012        689      12068     0.0571          2
    10.0     0.0137       1175      12068     0.0974          2
    15.0     0.0277       1142      12068     0.0946          1
    20.0     0.0371       1549      15348     0.1009          2
    25.0     0.0472       1608      15348     0.1048          2
    30.0     0.0560       1676      15348     0.1092          2
    35.0     0.0643       1627      15348     0.1060          2
    40.0     0.0729       1515      12769     0.1187          1
    45.0     0.0801       1754      15770     0.1112          2
    50.0     0.0856       1893      15770     0.1200          2
    55.0     0.0906       1801      15770     0.1142          2
    60.0     0.0978       1862      12811     0.1453          2
    65.0     0.1050       1983      15446     0.1284          2
    70.0     0.1092       2078      15446     0.1345          2
    75.0     0.1132       2111      15446     0.1367          2
    80.0     0.1171       2178      15446     0.1410          2
    85.0     0.1209       2202      15446     0.1425          2
    90.0     0.1242       2195      15446     0.1421          2
    95.0     0.1269       2186      15446     0.1415          2
   100.0     0.1292       2203      15446     0.1427          2
   105.0     0.1313       2213      15446     0.1433          2
   110.0     0.1332       2226      15446     0.1441          2
   115.0     0.1349       2242      15446     0.1451          2
   120.0     0.1365       2256      15446     0.1461          2
   125.0     0.1380       2263      15446     0.1465          2
   130.0     0.1392       2263      15446     0.1465          2
   135.0     0.1403       2268      15446     0.1468          2
   140.0     0.1413       2279      15446     0.1475          2
   145.0     0.1423       2289      15446     0.1482          2
   150.0     0.1432       2296      15446     0.1486          2
   155.0     0.1442       2316      15446     0.1499          2
   160.0     0.1451       2345      15446     0.1518          2
   165.0     0.1463       2376      15446     0.1538          2
   170.0     0.1475       2382      15446     0.1542          2
   175.0     0.1484       2376      15446     0.1538          2
   180.0     0.1493       2382      15446     0.1542          2
   185.0     0.1500       2381      15446     0.1542          2
   190.0     0.1506       2379      15446     0.1540          2
   195.0     0.1512       2387      15446     0.1545          2
   200.0     0.1517       2385      15446     0.1544          2
   205.0     0.1520       2380      15446     0.1541          2
   210.0     0.1524       2387      15446     0.1545          2
   215.0     0.1531       2281      12683     0.1798          2
   220.0     0.1573       2304      12683     0.1816          2
   225.0     0.1614       2368      12683     0.1867          2
   230.0     0.1657       2419      12683     0.1907          1
   235.0     0.1673       2313      15187     0.1523          2
   240.0     0.1643          0       1607     0.0000          0
   245.0     0.1643       2099       1607     1.3064          1
   250.0     0.1673       2566      12016     0.2136          2
   255.0     0.1712        131       1292     0.1016          1
   260.0     0.1712       1768       1292     1.3684          1
   265.0     0.1678       2058      15588     0.1320          2
   270.0     0.1631       2213      15588     0.1420          2
   275.0     0.1577         58       1590     0.0365          1
   280.0     0.1577       1907      12086     0.1578          2
   285.0     0.1582       2055      12086     0.1700          2
   290.0     0.1602       1890      12086     0.1564          1
   295.0     0.1557        989      12932     0.0765          2
   300.0     0.1541       1445       1749     0.8262          1
   305.0     0.1532       1772      13376     0.1325          2
   310.0     0.1505       1789      13376     0.1338          2

== v36:--seed-gain:1.0:--v36-d:400：r(t) 与 ded/A 轨迹 ==
       t      r(会话)        ded      A_sum      ded/A      state
     0.0     0.0000          0          0        nan          0
     5.0     0.0012        689      12068     0.0571          2
    10.0     0.0137       1175      12068     0.0974          2
    15.0     0.0277       1142      12068     0.0946          1
    20.0     0.0371       1549      15348     0.1009          2
    25.0     0.0472       1608      15348     0.1048          2
    30.0     0.0560       1676      15348     0.1092          2
    35.0     0.0643       1627      15348     0.1060          2
    40.0     0.0729       1515      12769     0.1187          1
    45.0     0.0801       1754      15770     0.1112          2
    50.0     0.0856       1893      15770     0.1200          2
    55.0     0.0906       1801      15770     0.1142          2
    60.0     0.0978       1862      12811     0.1453          2
    65.0     0.1050       1983      15446     0.1284          2
    70.0     0.1092       2078      15446     0.1345          2
    75.0     0.1132       2111      15446     0.1367          2
    80.0     0.1171       2178      15446     0.1410          2
    85.0     0.1209       2202      15446     0.1425          2
    90.0     0.1242       2195      15446     0.1421          2
    95.0     0.1269       2186      15446     0.1415          2
   100.0     0.1292       2203      15446     0.1427          2
   105.0     0.1313       2213      15446     0.1433          2
   110.0     0.1332       2226      15446     0.1441          2
   115.0     0.1349       2242      15446     0.1451          2
   120.0     0.1365       2256      15446     0.1461          2
   125.0     0.1380       2263      15446     0.1465          2
   130.0     0.1392       2263      15446     0.1465          2
   135.0     0.1403       2268      15446     0.1468          2
   140.0     0.1413       2279      15446     0.1475          2
   145.0     0.1423       2289      15446     0.1482          2
   150.0     0.1432       2296      15446     0.1486          2
   155.0     0.1442       2316      15446     0.1499          2
   160.0     0.1451       2345      15446     0.1518          2
   165.0     0.1463       2376      15446     0.1538          2
   170.0     0.1475       2382      15446     0.1542          2
   175.0     0.1484       2376      15446     0.1538          2
   180.0     0.1493       2382      15446     0.1542          2
   185.0     0.1500       2381      15446     0.1542          2
   190.0     0.1506       2379      15446     0.1540          2
   195.0     0.1512       2387      15446     0.1545          2
   200.0     0.1517       2385      15446     0.1544          2
   205.0     0.1520       2380      15446     0.1541          2
   210.0     0.1524       2387      15446     0.1545          2
   215.0     0.1531       2281      12683     0.1798          2
   220.0     0.1573       2304      12683     0.1816          2
   225.0     0.1614       2368      12683     0.1867          2
   230.0     0.1657       2419      12683     0.1907          1
   235.0     0.1686       2313      15187     0.1523          2
   240.0     0.1684          0       1607     0.0000          0
   245.0     0.1684       2157       1607     1.3426          1
   250.0     0.1715       2627      11947     0.2199          2
   255.0     0.1765        133       1269     0.1050          1
   260.0     0.1765       1827       1269     1.4398          1
   265.0     0.1762       2125      15528     0.1369          2
   270.0     0.1758       2275      15528     0.1465          2
   275.0     0.1753         61       1564     0.0388          1
   280.0     0.1754       2134      11795     0.1809          2
   285.0     0.1763       2197      11795     0.1863          2
   290.0     0.1787       2038      11795     0.1728          1
   295.0     0.1784       1075      12784     0.0841          2
   300.0     0.1783       1727       1665     1.0376          1
   305.0     0.1782       2068      13043     0.1586          2
   310.0     0.1780       2105      13043     0.1614          2
