== 目标录制（现场显示）· 逐加载事件：台阶与补偿量 ==
   #      t_on        Δin     in_lvl    out_lvl       ded   ded/Δin   窗(s)
   1      3.34      10110      13380      12348      1030     0.102   [11.3,14.7]
   2     15.18       3131      16831      15463      1379     0.440   [23.2,33.2]
   3     41.75       2818      17527      15752      1776     0.630   [49.7,56.4]
   4     63.41       2584      17467      15484      1995     0.772   [71.4,81.4]
   5    232.23       2324      17598      15331      2272     0.977   [236.2,239.6]
   6    245.31      14356      17288      17241        31     0.002   [249.3,251.6]
   8    261.72       3716      17690      17563       118     0.032   [269.7,275.2]
  10    289.33       3229      17700      17785       -85    -0.026   [293.3,295.0]
  12    303.42       3546      17386      17356        30     0.008   [307.4,307.5]

ded/Δin  中位 0.102  极差 1.004  相对散布(极差/|中位|) 9.85
ded      中位 1030  极差 2357  min -85  max 2272
