================================================================================================================
零基线-反复增减同一负载/20260919_193935_single_device_9c3ca5  沿 t0=1.06 t1=3.08 沿宽2.02 Δ=+10775  最大通道 ch3 (range 2263)
   t-t0             tot  d(tot)/dt        ch3   d(ch)/dt       note
       -1.00       2410        -48      112.0      14.35 
       -0.80       2425        284      116.0      33.49 
       -0.60       2438       -100      150.0     303.83 
       -0.40       2457        186      195.0      64.59 
       -0.20       2473         60      198.0      31.10 
       -0.00       2493      18174      201.0    3724.93 <- 沿起
       +0.20      11385       8395     1280.0    1442.60 
       +0.40      11915       1412     1287.0      47.85 
       +0.60      12286       1615     1306.0     107.66 
       +0.80      12556       1650     1335.0     191.39 
       +1.00      12757        379     1354.0      45.46 
       +1.20      12835        382     1357.0      26.32 
       +1.40      12943       1073     1367.0      78.95 
       +1.60      13125        332     1378.0      19.14 
       +1.80      13186        367     1381.0      23.92 
       +2.00      13251        249     1386.0      74.16 <- 沿末(门限判据)
       +2.20      13290        173     1405.0      33.49 
       +2.40      13313        136     1407.0       4.78 
       +2.60      13347        161     1408.0       4.78 
       +2.80      13406        437     1410.0      21.53 
       +3.00      13471        208     1414.0      19.14 
       +3.20      13510        191     1417.0      -7.18 
       +3.40      13550        158     1416.0       9.57 
       +3.60      13567         65     1417.0       4.78 
       +3.80      13578         48     1419.0       2.39 
       +4.00      13588         25     1420.0      14.35 
       +4.20      13601         83     1422.0       7.18 
       +4.40      13610         40     1424.0      11.96 
       +4.60      13626         83     1428.0      16.75 
       +4.80      13638         85     1431.0      14.35 
       +5.00      13649         33     1433.0      16.75 
       +5.20      13662        136     1435.0      -2.39 
       +5.40      13712        301     1433.0      21.53 
       +5.60      13747         60     1438.0       4.78 
       +5.80      13761        106     1439.0       2.39 
       +6.00      13776         25     1440.0       4.78 
       +6.20      13783         25     1439.0       4.78 
       +6.40      13789         20     1441.0       2.39 
       +6.60      13789         18     1442.0      -2.39 
       +6.80      13799         35     1442.0      11.96 
       +7.00      13804         15     1444.0       0.00 
       +7.20      13810         60     1444.0       4.78 
       +7.40      13817          8     1444.0      -2.39 
       +7.60      13827         65     1443.0       2.39 
       +7.80      13837         43     1444.0       4.78 
       +8.00      13845         63     1444.0       4.78 
       +8.20      13861         85     1445.0       0.00 
       +8.40      13873         40     1445.0       2.39 
       +8.60      13885         35     1446.0       2.39 
       +8.80      13895         98     1448.0       7.18 
       +9.00      13913         58     1448.0       0.00 
       +9.20      13915         -3     1448.0      -2.39 
       +9.40      13921         75     1448.0      -0.00 
       +9.60      13928        -20     1448.0       2.39 
       +9.80      13934         58     1448.0      -4.78 
      +10.00      13938         10     1447.0      -4.78 
      +10.20      13941          8     1446.0       4.78 
      +10.40      13944         18     1447.0       2.39 
      +10.60      13949         48     1447.0      -4.78 
      +10.80      13958         23     1447.0      -4.78 
      +11.00      13964         25     1445.0      -2.39 
      +11.20      13968         20     1446.0      -2.39 
      +11.40      13973         23     1446.0       4.78 
      +11.60      13977         20     1445.0      -0.00 
      +11.80      13978          8     1446.0       4.78 
      +12.00      13985         50     1444.0       4.78 
================================================================================================================
零基线-反复增减同一负载/20260919_191748_single_device_795e5e/20260919_192141_single_device_73032d  沿 t0=62.58 t1=63.36 沿宽0.79 Δ=+2065  最大通道 ch4 (range 2286)
   t-t0             tot  d(tot)/dt        ch4   d(ch)/dt       note
       -1.00      13192         18     1585.0      -9.57 
       -0.80      13193        -20     1585.0       4.78 
       -0.60      13192         15     1584.0       4.78 
       -0.40      13192        -10     1585.0      -7.18 
       -0.20      13193         18     1586.0       0.00 
       -0.00      13193        241     1587.0     141.14 <- 沿起
       +0.20      13847       5378     1745.0    1545.31 
       +0.40      14965       4418     1768.0    -760.70 
       +0.60      15204        251     1828.0      45.45 
       +0.80      15255        181     1841.0      95.69 <- 沿末(门限判据)
       +1.00      15269         40     1857.0      11.96 
       +1.20      15277         68     1856.0      -4.78 
       +1.40      15291        103     1857.0       7.18 
       +1.60      15321        116     1856.0      21.53 
       +1.80      15348        146     1862.0      76.55 
       +2.00      15373         70     1871.0      21.53 
       +2.20      15386         68     1873.0      14.35 
       +2.40      15402        123     1877.0      11.96 
       +2.60      15409         50     1879.0      28.71 
       +2.80      15425         -3     1883.0      14.35 
       +3.00      15451        181     1878.0     -16.74 
       +3.20      15455        113     1881.0      -4.78 
       +3.40      15482         33     1884.0      21.53 
       +3.60      15497        100     1888.0      21.53 
       +3.80      15511         73     1887.0       4.78 
       +4.00      15521         43     1892.0       4.78 
       +4.20      15529         20     1884.0       0.00 
       +4.40      15536       -216     1897.0     155.49 
       +4.60      15534        246     1836.0    -186.59 
       +4.80      15557         40     1869.0      78.94 
       +5.00      15564         90     1884.0     -90.90 
       +5.20      15567         35     1882.0      23.92 
       +5.40      15573         20     1894.0      -2.39 
       +5.60      15575          0     1897.0     -14.35 
       +5.80      15579         50     1894.0      62.20 
       +6.00      15586          5     1896.0      -4.78 
       +6.20      15592         55     1908.0      33.49 
       +6.40      15598         -3     1908.0      35.88 
       +6.60      15599         25     1911.0      11.96 
       +6.80      15603          8     1914.0      19.14 
       +7.00      15608         35     1917.0      11.96 
       +7.20      15609          5     1917.0       7.18 
       +7.40      15611         40     1918.0       7.18 
       +7.60      15618         -8     1920.0       7.18 
       +7.80      15619         48     1921.0      -2.39 
       +8.00      15626         -3     1922.0       7.18 
       +8.20      15627          3     1922.0       9.57 
       +8.40      15624         18     1924.0       7.18 
       +8.60      15636         48     1926.0       2.39 
       +8.80      15638         43     1925.0       2.39 
       +9.00      15656          3     1925.0      -2.39 
       +9.20      15642        -35     1923.0      -4.78 
       +9.40      15645         53     1924.0       2.39 
       +9.60      15653          3     1925.0       4.78 
       +9.80      15657         30     1927.0      -0.00 
      +10.00      15659         -5     1927.0       9.57 
      +10.20      15661         23     1929.0      -2.39 
      +10.40      15662         -8     1930.0       0.00 
      +10.60      15668         58     1931.0      16.74 
      +10.80      15672         23     1931.0     -14.35 
      +11.00      15677         28     1928.0      16.74 
      +11.20      15685         38     1930.0       4.78 
      +11.40      15687        -23     1930.0      -4.78 
      +11.60      15686         18     1931.0       9.57 
      +11.80      15686          0     1930.0      -4.78 
      +12.00      15684        -15     1931.0       2.39 
================================================================================================================
零基线-同一荷载测试/20260919_193320_single_device_3f32c5  沿 t0=13.90 t1=17.03 沿宽3.13 Δ=+10448  最大通道 ch11 (range 1446)
   t-t0             tot  d(tot)/dt       ch11   d(ch)/dt       note
       -1.00       2245        -55        7.0       0.00 
       -0.80       2234        -48        7.0       0.00 
       -0.60       2225        -60        6.0       0.00 
       -0.40       2212        -28        7.0      -2.39 
       -0.20       2210        -23        7.0       0.00 
       -0.00       2209        271        7.0    1827.77 <- 沿起
       +0.20      10673      35791     1205.0    4112.47 
       +0.40      11464       1326     1240.0     124.40 
       +0.60      11729       1256     1287.0     191.39 
       +0.80      11968        904     1314.0     105.26 
       +1.00      12093        658     1319.0      28.71 
       +1.20      12193        367     1320.0      31.10 
       +1.40      12273        311     1325.0     -11.96 
       +1.60      12320        166     1329.0      81.34 
       +1.80      12362        206     1348.0      35.89 
       +2.00      12412        384     1353.0       9.57 
       +2.20      12462        131     1355.0      76.56 
       +2.40      12494        178     1367.0      23.92 
       +2.60      12512         73     1370.0      -2.39 
       +2.80      12551        193     1372.0       7.18 
       +3.00      12625        377     1377.0      16.75 <- 沿末(门限判据)
       +3.20      12660        136     1378.0      14.35 <- 沿末(门限判据)
       +3.40      12684        141     1381.0      -2.39 
       +3.60      12709        143     1380.0      31.10 
       +3.80      12741        153     1390.0      28.71 
       +4.00      12764        123     1394.0      14.35 
       +4.20      12796        138     1390.0     -19.14 
       +4.40      12822         93     1390.0       7.18 
       +4.60      12833        126     1391.0       7.18 
       +4.80      12864        178     1395.0      23.92 
       +5.00      12900        128     1396.0      -2.39 
       +5.20      12919         78     1398.0      19.14 
       +5.40      12935         95     1399.0      -2.39 
       +5.60      12956        188     1399.0       4.78 
       +5.80      12989         33     1401.0      -2.39 
       +6.00      12984        -38     1404.0      -0.00 
       +6.20      13000        163     1400.0      -2.39 
       +6.40      13023         93     1398.0      11.96 
       +6.60      13061        286     1399.0       4.78 
       +6.80      13092         23     1397.0     -23.92 
       +7.00      13110        118     1396.0       4.78 
       +7.20      13114         25     1404.0      -2.39 
       +7.40      13143        111     1403.0      19.14 
       +7.60      13148         43     1404.0     -11.96 
       +7.80      13200        633     1400.0     -74.16 
       +8.00      13293         83     1391.0     -26.32 
       +8.20      13306         15     1390.0       9.57 
       +8.40      13311         73     1392.0      -2.39 
       +8.60      13322        113     1391.0      -4.78 
       +8.80      13345          8     1391.0      -4.78 
       +9.00      13350         68     1391.0      -2.39 
       +9.20      13352         40     1388.0      -4.78 
       +9.40      13380         90     1389.0       4.78 
       +9.60      13384        100     1392.0       0.00 
       +9.80      13398         28     1393.0       7.18 
      +10.00      13434        211     1392.0     -28.71 
      +10.20      13454         18     1383.0      -2.39 
      +10.40      13439        -50     1385.0       2.39 
      +10.60      13452        116     1383.0      -4.78 
      +10.80      13460        -25     1381.0       0.00 
      +11.00      13460        -18     1382.0       2.39 
      +11.20      13467         58     1381.0       0.00 
      +11.40      13487        111     1382.0       0.00 
      +11.60      13492          5     1383.0       4.78 
      +11.80      13502        106     1384.0       2.39 
      +12.00      13523         53     1383.0      -7.18 
================================================================================================================
零基线-反复增减同一负载/20260919_152749_single_device_0cb8b6  沿 t0=120.84 t1=121.36 沿宽0.52 Δ=+1725  最大通道 ch4 (range 2556)
   t-t0             tot  d(tot)/dt        ch4   d(ch)/dt       note
       -1.00      15363        -45     1779.0       2.39 
       -0.80      15360         43     1781.0       2.39 
       -0.60      15362        -25     1781.0      -2.39 
       -0.40      15362         10     1779.0      -2.39 
       -0.20      15362          5     1778.0      -4.78 
       -0.00      15362        251     1779.0       4.78 <- 沿起
       +0.20      16908       8133     1783.0     554.94 
       +0.40      17054         20     2035.0     731.95 <- 沿末(门限判据)
       +0.60      17090         85     2037.0      21.53 <- 沿末(门限判据)
       +0.80      17106         70     2043.0      28.70 
       +1.00      17119         65     2046.0       7.18 
       +1.20      17134         70     2051.0      35.88 
       +1.40      17147         50     2056.0      11.96 
       +1.60      17152         40     2059.0      14.35 
       +1.80      17160         43     2060.0      14.35 
       +2.00      17171         53     2063.0       9.57 
       +2.20      17185         50     2065.0       2.39 
       +2.40      17193         85     2064.0      11.96 
       +2.60      17209         63     2066.0      -7.18 
       +2.80      17217         10     2066.0       2.39 
       +3.00      17225         63     2068.0       2.39 
       +3.20      17239         58     2067.0       9.57 
       +3.40      17246         40     2069.0       0.00 
       +3.60      17248        -18     2071.0       2.39 
       +3.80      17250         25     2071.0       7.18 
       +4.00      17257         50     2072.0       0.00 
       +4.20      17260        -18     2072.0       0.00 
       +4.40      17256          8     2071.0       0.00 
       +4.60      17262         35     2071.0       0.00 
       +4.80      17268         25     2071.0       4.78 
       +5.00      17270         35     2073.0       4.78 
       +5.20      17276          5     2072.0      -4.78 
       +5.40      17281         28     2074.0       9.57 
       +5.60      17284         23     2075.0       4.78 
       +5.80      17292         30     2075.0       2.39 
       +6.00      17293          3     2077.0       4.78 
       +6.20      17296          5     2078.0       0.00 
       +6.40      17297         13     2077.0       2.39 
       +6.60      17304         40     2078.0       7.18 
       +6.80      17307         18     2077.0       0.00 
       +7.00      17311         10     2079.0       7.18 
       +7.20      17312          5     2079.0       2.39 
       +7.40      17313        -15     2080.0       4.78 
       +7.60      17313         30     2079.0      -2.39 
       +7.80      17315         -5     2081.0       4.78 
       +8.00      17317         45     2082.0       7.18 
       +8.20      17322        -13     2083.0       2.39 
       +8.40      17322          8     2083.0       2.39 
       +8.60      17328         70     2085.0       2.39 
       +8.80      17340          8     2082.0      11.96 
       +9.00      17342        -55     2085.0      -2.39 
       +9.20      17343         15     2084.0      -9.57 
       +9.40      17345         50     2085.0      -4.78 
       +9.60      17355         45     2086.0       2.39 
       +9.80      17354        -10     2086.0       2.39 
      +10.00      17353         28     2087.0      -2.39 
      +10.20      17353        -28     2087.0       7.18 
      +10.40      17356         25     2087.0      -2.39 
      +10.60      17358         13     2087.0       4.78 
      +10.80      17359         -5     2086.0      -2.39 
      +11.00      17359         25     2087.0       0.00 
      +11.20      17363         -5     2087.0      -2.39 
      +11.40      17365         13     2087.0       0.00 
      +11.60      17365         13     2087.0      -0.00 
      +11.80      17365          0     2088.0       2.39 
      +12.00      17367        -15     2088.0      -4.78 
================================================================================================================
持续恒定负载  沿 t0=1.65 t1=4.23 沿宽2.58 Δ=+10493  最大通道 ch11 (range 1411)
   t-t0             tot  d(tot)/dt       ch11   d(ch)/dt       note
       -1.00       2613        -68      192.0      -4.78 
       -0.80       2599        -40      193.0      -2.39 
       -0.60       2594         20      193.0      -2.39 
       -0.40       2595        -10      192.0      -4.78 
       -0.20       2594        -30      192.0       4.78 
       -0.00       2588      14747      192.0    4695.23 <- 沿起
       +0.20      11277      10011     1244.0     461.63 
       +0.40      11806       1286     1273.0      71.76 
       +0.60      12110       2047     1292.0     131.55 
       +0.80      12471       1263     1303.0       9.57 
       +1.00      12662        681     1326.0     107.63 
       +1.20      12748        332     1334.0      62.19 
       +1.40      12814        372     1348.0      52.62 
       +1.60      12886        372     1358.0      31.09 
       +1.80      12947        161     1361.0      14.35 
       +2.00      12989        269     1369.0      64.58 
       +2.20      13020         83     1377.0      23.92 
       +2.40      13039        208     1383.0     124.38 
       +2.60      13081        121     1410.0      59.80 <- 沿末(门限判据)
       +2.80      13086        -68     1416.0      11.96 
       +3.00      13080         13     1416.0       4.78 
       +3.20      13091        116     1417.0      -4.78 
       +3.40      13109         70     1418.0      11.96 
       +3.60      13124         58     1420.0       9.57 
       +3.80      13137         98     1423.0       9.57 
       +4.00      13161        121     1422.0      -2.39 
       +4.20      13184        113     1421.0      -2.39 
       +4.40      13210        166     1430.0      38.27 
       +4.60      13228        -35     1432.0      11.96 
       +4.80      13239        151     1434.0      14.35 
       +5.00      13269        108     1438.0      16.74 
       +5.20      13284        131     1440.0      14.35 
       +5.40      13315        108     1442.0       9.57 
       +5.60      13329         45     1444.0      -2.39 
       +5.80      13337        100     1444.0       2.39 
       +6.00      13354         -3     1442.0      -0.00 
       +6.20      13360         83     1445.0       9.57 
       +6.40      13373         65     1444.0       4.78 
       +6.60      13389         88     1445.0      -4.78 
       +6.80      13401         -5     1446.0       7.18 
       +7.00      13407         83     1446.0      -4.78 
       +7.20      13419         83     1446.0       2.39 
       +7.40      13441         70     1447.0      -9.57 
       +7.60      13440          0     1445.0       4.78 
       +7.80      13448         30     1445.0       2.39 
       +8.00      13464        128     1447.0       9.57 
       +8.20      13473        -20     1449.0       2.39 
       +8.40      13478         80     1448.0       2.39 
       +8.60      13486          5     1448.0      -2.39 
       +8.80      13490         28     1449.0       4.78 
       +9.00      13500         38     1450.0       2.39 
       +9.20      13505         58     1450.0       2.39 
       +9.40      13533        128     1451.0       0.00 
       +9.60      13541         23     1450.0      -4.78 
       +9.80      13537        -48     1451.0      -0.00 
      +10.00      13537         10     1451.0      -2.39 
      +10.20      13537         25     1453.0       9.57 
      +10.40      13545         70     1454.0       2.39 
      +10.60      13552        -15     1455.0       7.18 
      +10.80      13553          3     1457.0       9.57 
      +11.00      13560         25     1455.0      -2.39 
      +11.20      13563         35     1456.0      -0.00 
      +11.40      13565          0     1455.0       2.39 
      +11.60      13566        -28     1457.0       7.18 
      +11.80      13564         38     1458.0       7.18 
      +12.00      13569         10     1459.0      -4.78 
================================================================================================================
零基线-反复增减同一负载/20260919_160854_single_device_7b3977  沿 t0=14.71 t1=16.53 沿宽1.82 Δ=+2993  最大通道 ch11 (range 2710)
   t-t0             tot  d(tot)/dt       ch11   d(ch)/dt       note
       -1.00      13420         93     1443.0      -7.17 
       -0.80      13429         23     1444.0       0.00 
       -0.60      13433         25     1445.0       7.17 
       -0.40      13440         33     1446.0      -4.78 
       -0.20      13445         23     1447.0       2.39 
       -0.00      13445       -274     1446.0      33.47 <- 沿起
       +0.20      13425        231     1448.0     -16.74 
       +0.40      14559      12622     1455.0    2512.70 
       +0.60      16156      -1160     1887.0   -2539.00 
       +0.80      16035       2257     1519.0     399.26 
       +1.00      16208        472     1533.0      43.03 
       +1.20      16291        259     1537.0     157.79 
       +1.40      16346        276     1581.0      93.24 
       +1.60      16387        151     1595.0      88.46 
       +1.80      16426        236     1611.0      40.64 <- 沿末(门限判据)
       +2.00      16457         93     1619.0      31.08 
       +2.20      16475         90     1627.0      50.21 
       +2.40      16491         78     1634.0      21.52 
       +2.60      16504        118     1637.0      14.34 
       +2.80      16524         50     1638.0       9.56 
       +3.00      16533          0     1640.0      11.95 
       +3.20      16532          0     1639.0       2.39 
       +3.40      16540         83     1642.0      14.34 
       +3.60      16558         38     1646.0      14.34 
       +3.80      16565         60     1647.0       9.56 
       +4.00      16577         55     1647.0      -2.39 
       +4.20      16586         45     1647.0      -0.00 
       +4.40      16593         20     1647.0       0.00 
       +4.60      16609        120     1648.0       0.00 
       +4.80      16619         18     1651.0       7.17 
       +5.00      16621         35     1650.0      -2.39 
       +5.20      16628         40     1650.0       2.39 
       +5.40      16641         18     1651.0      -2.39 
       +5.60      16638         13     1650.0       7.17 
       +5.80      16640          3     1650.0      -7.17 
       +6.00      16652        128     1649.0      -9.56 
       +6.20      16667        -98     1650.0       2.39 
       +6.40      16662        -30     1653.0       9.56 
       +6.60      16662        181     1650.0      -2.39 
       +6.80      16681         50     1650.0       4.78 
       +7.00      16692         28     1651.0      -4.78 
       +7.20      16700         63     1651.0       7.17 
       +7.40      16682       -236     1648.0     -47.82 
       +7.60      16686        304     1649.0      40.64 
       +7.80      16661       -339     1645.0     -88.46 
       +8.00      16704        201     1638.0      81.29 
       +8.20      16712        146     1643.0      16.74 
       +8.40      16729         15     1647.0     -11.95 
       +8.60      16728        -78     1645.0      16.74 
       +8.80      16725        148     1648.0      -7.17 
       +9.00      16746         30     1647.0       7.17 
       +9.20      16751         48     1648.0       2.39 
       +9.40      16754        -13     1647.0       0.00 
       +9.60      16758        120     1648.0      19.13 
       +9.80      16761       -151     1641.0     -26.30 
      +10.00      16755        100     1646.0      -7.17 
      +10.20      16766         55     1677.0      21.52 
      +10.40      16785         70     1650.0       9.56 
      +10.60      16789        -20     1651.0       0.00 
      +10.80      16791         35     1653.0       4.78 
      +11.00      16795         30     1653.0       2.39 
      +11.20      16801          8     1654.0       2.39 
      +11.40      16805         20     1655.0      -0.00 
      +11.60      16806        -13     1653.0      -9.56 
      +11.80      16812         55     1654.0       7.17 
      +12.00      16816         13     1654.0       4.78 
