============================================================================================================
零基线-反复增减同一负载/20260919_193935_single_device_9c3ca5
  回放-录制  均值 +6.5  标准差 17.1  max|Δ| 31.0 (逐通道)
  差值 10 s 桶: +51 +21 +9 +9 +2 +2 +2 +12 +12 +7 +7 +7 +8 +7 -16 -12 -12 -17
  录制显示 10 s 桶: 13011 12625 12563 12551 14560 14381 14373 12393 12648 14733 14371 14320 14330 14336 12107 12444 14761 14460
  回放显示 10 s 桶: 13042 12648 12573 12560 14562 14383 14375 12405 12660 14739 14379 14328 14338 14343 12090 12432 14747 14442
  输入     10 s 桶: 13588 14043 14272 14359 17092 17183 17278 14800 14818 17256 17420 17449 17507 17563 14840 14841 17357 17562
============================================================================================================
零基线-同一荷载测试/20260919_193320_single_device_3f32c5
  回放-录制  均值 -3.0  标准差 0.6  max|Δ| 2.0 (逐通道)
  差值 10 s 桶: -0 -1 -3 -3 -3 -3 -3 -3 -3 -3 -3 -3 -3 -3 -3 -3 -3 -3 -3 -3 -3 -3 -3 -3
  录制显示 10 s 桶: 2220 12017 12403 12300 12277 12275 12270 12272 12276 12279 12273 12274 12268 12263 12244 12237 12237 12231 12231 12226 12234 12225 12226 12218
  回放显示 10 s 桶: 2219 12016 12400 12297 12274 12271 12266 12269 12272 12276 12270 12271 12265 12260 12241 12234 12234 12228 12228 12223 12231 12222 12223 12215
  输入     10 s 桶: 2221 12163 13471 13909 14058 14164 14231 14279 14321 14354 14377 14388 14396 14430 14442 14449 14472 14482 14492 14494 14514 14510 14524 14526
============================================================================================================
各种奇怪工况/20260919_134056_single_device_f40a1b
  回放-录制  均值 -953.0  标准差 483.5  max|Δ| 907.6 (逐通道)
  差值 10 s 桶: -0 -732 -1157 -902 -501 -880 -746 -1602 -1528 -1545 -1081 -1353 -1367 -984
  录制显示 10 s 桶: 8939 10734 11138 6783 12978 13657 15909 17060 14510 14204 13692 13729 10280 2736
  回放显示 10 s 桶: 8803 9994 9984 5817 12474 12748 15108 15578 12920 12612 12589 12382 8919 1771
  输入     10 s 桶: 8920 10700 11085 6750 13114 13959 16216 17179 14510 14218 14011 14221 10803 2736
============================================================================================================
持续恒定负载
  回放-录制  均值 -973.2  标准差 80.3  max|Δ| 161.4 (逐通道)
  差值 10 s 桶: -466 -954 -1038 -1028 -999 -1014 -1034 -971 -987 -999 -963 -970 -1004 -989 -991 -994 -930 -927 -969 -979 -985 -986 -982 -976
  录制显示 10 s 桶: 13170 13293 13273 13258 13265 13204 13252 13214 13223 13242 13234 13244 13256 13242 13239 13245 13190 13162 13221 13231 13228 13249 13236 13218
  回放显示 10 s 桶: 12701 12333 12226 12232 12255 12194 12228 12238 12235 12249 12271 12266 12251 12251 12249 12249 12251 12236 12250 12250 12244 12262 12254 12243
  输入     10 s 桶: 13108 13596 13729 13808 13919 13911 13986 14022 14043 14082 14157 14171 14165 14181 14194 14211 14254 14259 14272 14291 14306 14333 14328 14325
============================================================================================================
零基线-反复增减同一负载/20260919_152749_single_device_0cb8b6
  回放-录制  均值 -399.7  标准差 555.5  max|Δ| 443.8 (逐通道)
  差值 10 s 桶: -81 -39 -241 +7 +150 +153 +111 +427 +364 -2 -72 -282 -96 -409 -507 -529 -543 -554 -555 -521 -528 -554 -556 -542
  录制显示 10 s 桶: 11296 15181 13106 15226 14564 14583 12709 14451 14048 14179 14460 12683 14500 14472 14551 14588 14603 14614 14612 14582 14594 14630 14639 14622
  回放显示 10 s 桶: 11194 15058 12927 15187 14911 14791 12901 14920 14542 14197 14268 12705 14353 14061 14044 14058 14061 14059 14056 14057 14064 14076 14082 14080
  输入     10 s 桶: 11243 15968 14483 16645 16805 17086 15101 17123 17214 17302 17239 15460 17257 17379 17424 17467 17516 17558 17585 17598 17612 17632 17651 17658
============================================================================================================
零基线-同一荷载测试/20260919_182059_single_device_71208f
  回放-录制  均值 +25.6  标准差 149.8  max|Δ| 111.2 (逐通道)
  差值 10 s 桶: +288 +320 +67 -11 -72 -110 -137 -185 -189 -173 -166 -155 -142 -124 -110 -88 -71 -54 -25 -11 +13 +42 +60 +73
  录制显示 10 s 桶: 1923 10832 10881 10946 10987 10995 11022 11075 11069 11062 11042 11006 10999 10986 10980 10957 10934 10908 10889 10863 10840 10817 10792 10776
  回放显示 10 s 桶: 2212 11164 10980 10936 10918 10885 10892 10891 10881 10888 10876 10852 10857 10861 10871 10870 10864 10856 10863 10855 10853 10856 10849 10850
  输入     10 s 桶: 2213 11649 12156 12429 12579 12657 12749 12873 12925 12975 13007 13020 13060 13093 13133 13153 13169 13182 13201 13211 13221 13230 13238 13252
