============================================================================================================
零基线-剧烈变化负载情况/20260919_192655_single_device_d675cf   帧=8000  80 s
  t=     0 s :   2508   2534   2512  11803  12561  12843  13023  13211  13361  13420  13426  13476
  t=    12 s :  13488  13523  13504  19634  14495  14507  14609  14619  14653  18665  14830  14882
  t=    24 s :  14934  14947  17340  15021  15056  15146  15180  15198  15254  15231  18061  14804
  t=    36 s :  15069  15101  15203  15198  15182  15143  15155  15168   6640   6438   6366   9974
  t=    48 s :  14199  14502  14688  14801  14826  14856  17127  15521  15115  15161  15315  15316
  t=    60 s :  15338  15384  15380  15384  15398  15406  18126  14652  14774  14895  14932  15015
  t=    72 s :  15014  15073  15110  15119  15130  15144  15172  15190
  |d(tot)/dt| ADC/s: p50=91 p90=2057 p99=44635 max=81749
============================================================================================================
零基线-反复增减同一负载/20260919_191748_single_device_795e5e/20260919_192141_single_device_73032d   帧=22240  221 s
  t=     0 s :   2201   2197   2206   2209   2830  10927  11186  11454  11589  11651  11754  11879
  t=    12 s :  11965  11998  12040  12079  12192  12216  12239  12345  14125  14420  14497  14622
  t=    24 s :  14658  14687  14752  12682  12704  12720  14667  15075  15150  15200  15223  15263
  t=    36 s :  15269  15303  15328  15345  12910  12898  12900  12908  12922  14691  15272  15325
  t=    48 s :  15367  15404  15464  15486  15497  15534  15560  15493  13197  13199  13195  13194
  t=    60 s :  13185  13192  14179  15281  15389  15471  15528  15570  15596  15609  15627  15650
  t=    72 s :  15662  15686  15694  15703  15715  15725  15734  15734  15739  15746  15753  15757
  t=    84 s :  15763  15778  15784  15787  15792  15802  15804  14686  13158  13183  13179  13178
  t=    97 s :  15400  15710  15778  15808  15821  15840  15856  13272  13268   6120   6217   6292
  t=   109 s :   6306   6292   6255   6239   6250   6273   6286   6310   6328   6343   6324   6319
  t=   121 s :   6314   6315   6318   6320   6316   6289   8334  11518  11807  11946  12041  12082
  t=   133 s :  12126  12155  12184  12217  12227  14715  15044  15149  15229  15290  15329  15362
  t=   145 s :  15410  15445  15474  15514  15529  15556  15576  15609  15619  15643  15639  15656
  t=   157 s :  15674  15654  13161  13119  13086  13092  13102  13106  13116  13121  13131  13127
  t=   169 s :  13117  13122  13124  13122  13114  13240  15394  15491  15520  15533  15563  15607
  t=   181 s :  15648  13630  13178  13175  13182  13191  13191  13182  13186  13191  13194  13225
  t=   193 s :  13203  13208  13212  13215  13217  13218  13220  13222  13219  13265  15187  15315
  t=   205 s :  15379  15415  15434  15456  15454  15473  15479  15493  15510  15524  15617  13102
  t=   217 s :  13101  13107  13112  13116  13119
  |d(tot)/dt| ADC/s: p50=26 p90=172 p99=9602 max=38748
============================================================================================================
零基线-反复增减同一负载/20260919_193935_single_device_9c3ca5   帧=17632  176 s
  t=     0 s :   2446  12082  13052  13327  13562  13618  13737  13789  13822  13880  13927  13947
  t=    12 s :  13976  14004  14021  14057  14076  14089  14103  14110  14204  14228  14251  14261
  t=    24 s :  14270  14274  14297  14291  14306  14319  14344  14348  14349  14350  14350  14357
  t=    36 s :  16708  16828  16921  16931  16989  17034  17069  17086  17089  17099  17105  17118
  t=    48 s :  17140  17138  17140  17153  17156  17176  17181  17185  17203  17215  17223  17223
  t=    60 s :  17232  17250  17267  17281  17299  17327  17336  17338  14820  14794  14780  14792
  t=    72 s :  14795  14798  14799  14801  14810  14811  14814  14813  14813  14820  14822  14814
  t=    84 s :  14820  14817  14817  14815  14813  16524  17129  17222  17248  17253  17256  17253
  t=    97 s :  17262  17303  17318  17342  17353  17404  17406  17415  17420  17425  17431  17435
  t=   109 s :  17439  17448  17443  17414  17420  17422  17452  17468  17469  17477  17477  17482
  t=   121 s :  17485  17496  17502  17505  17507  17513  17518  17534  17546  17545  17550  17539
  t=   133 s :  17547  17556  17562  17571  17579  17581  17577  17224  14972  14859  14828  14834
  t=   145 s :  14831  14830  14834  14836  14846  14857  14851  14832  14833  14830  14833  14839
  t=   157 s :  14843  14844  14846  14854  14861  14854  17090  17330  17366  17430  17445  17485
  t=   169 s :  17503  17533  17546  17559  17567  17574  17579
  |d(tot)/dt| ADC/s: p50=22 p90=103 p99=3418 max=44348
============================================================================================================
零基线-同一荷载测试/20260919_193320_single_device_3f32c5   帧=35748  356 s
  t=     0 s :   2245   2234   2228   2212   2220   2218   2201   2201   2234   2266   2231   2242
  t=    12 s :   2247   2217  11826  12339  12525  12723  12848  12976  13081  13157  13336  13395
  t=    24 s :  13460  13497  13556  13611  13756  13825  13841  13864  13891  13895  13904  13916
  t=    36 s :  13923  13931  13945  13955  13962  14003  14019  14039  14052  14068  14084  14101
  t=    48 s :  14111  14122  14138  14147  14156  14163  14170  14165  14168  14179  14193  14196
  t=    60 s :  14203  14224  14232  14224  14230  14231  14231  14239  14245  14257  14258  14266
  t=    72 s :  14272  14277  14280  14280  14288  14307  14296  14304  14307  14317  14312  14322
  t=    84 s :  14314  14327  14329  14337  14336  14333  14336  14336  14345  14350  14354  14359
  t=    97 s :  14366  14369  14368  14363  14369  14372  14376  14372  14382  14386  14379  14379
  t=   109 s :  14379  14386  14386  14383  14380  14384  14387  14391  14395  14394  14391  14390
  t=   121 s :  14395  14404  14405  14384  14386  14390  14396  14397  14401  14406  14406  14405
  t=   133 s :  14418  14427  14437  14439  14443  14448  14447  14447  14450  14448  14456  14453
  t=   145 s :  14452  14432  14428  14422  14429  14436  14439  14441  14447  14453  14459  14454
  t=   157 s :  14453  14453  14446  14455  14459  14470  14475  14472  14472  14473  14477  14480
  t=   169 s :  14480  14477  14480  14479  14481  14482  14482  14483  14483  14487  14486  14493
  t=   181 s :  14492  14494  14491  14493  14491  14492  14494  14489  14494  14487  14485  14489
  t=   193 s :  14492  14489  14500  14502  14501  14498  14502  14505  14511  14511  14512  14509
  t=   205 s :  14523  14520  14520  14515  14514  14511  14511  14511  14510  14510  14509  14509
  t=   217 s :  14507  14511  14510  14515  14518  14522  14523  14521  14525  14527  14532  14531
  t=   229 s :  14533  14528  14527  14527  14523  14525  14528  14529  14529  14527  14527  14525
  t=   241 s :  14521  14533  14532  14538  14538  14536  14534  14532  14533  14524  14527  14528
  t=   253 s :  14525  14527  14526  14523  14526  14525  14524  14527  14525  14527  14531  14531
  t=   265 s :  14532  14535  14533  14532  14536  14538  14541  14543  14546  14543  14542  14543
  t=   277 s :  14542  14543  14542  14548  14548  14548  14549  14553  14551  14551  14556  14554
  t=   290 s :  14556  14554  14557  14556  14552  14554  14557  14558  14556  14556  14557  14556
  t=   302 s :  14558  14558  14555  14561  14559  14564  14563  14563  14562  14563  14564  14564
  t=   314 s :  14565  14566  14566  14561  14562  14565  14564  14561  14563  14564  14565  14566
  t=   326 s :  14571  14578  14580  14582  14577  14579  14579  14575  14576  14567  14566  14567
  t=   338 s :  14568  14569  14565  14564  14563  14564  14567  14566  14564  14564  14561  14565
  t=   350 s :  14565  14570  14569  14567  14568  14571
  |d(tot)/dt| ADC/s: p50=17 p90=50 p99=196 max=43441
