
===== 四指指腹 =====

参数集                                      score      残漂%      过扣%      欠扣%    末30s%     抖动%     扣除%
r_fast=0                                 69.75    -8.15    23.67    14.89    -0.35    2.50   108.1
r_fast=0.02                             141.24   -43.02    58.51   -19.07    -0.36    2.51   143.0
r_fast=0.04                             242.15   -76.90    92.35   -52.04    -0.37    2.52   176.9
slow_confirm_s=10                       247.61   -77.87    94.58   -55.42    -0.41    2.57   177.9
r_slow_max=0.02                         258.27   -61.85   106.77   -45.84     2.88    8.26   161.9
slope_cap_frac=0.002                    259.17   -79.80    99.42   -58.59    -0.51    2.87   179.8
slow_confirm_s=5                        269.63   -86.09   101.49   -63.60    -0.39    2.55   186.1
tau_slope_s=0.5                         287.49   -93.95   106.19   -68.73    -1.15    4.63   194.0
slope_gate_frac=0.01                    288.89   -93.17   107.65   -69.90    -0.43    3.38   193.2
r_slow_max=0.04                         299.62   -85.36   116.29   -68.94     1.69    5.63   185.4
slope_cap_frac=0.005                    310.08  -100.39   114.51   -76.79    -0.67    3.24   200.4
edge_slope_thres=20                     310.81   -99.54   115.38   -77.83    -0.42    2.54   199.5
slope_gate_frac=0.02                    320.43  -102.94   118.48   -78.11    -0.43    2.59   202.9
r_slow_max=0.06                         321.46   -98.35   120.99   -80.73     1.12    3.36   198.4
tau_c_fast_s=24                         330.07  -106.24   121.63   -81.08    -0.40    2.53   206.2
r_slow_max=0.08                         332.02  -104.27   123.51   -83.67     0.74    2.60   204.3
r_slow_max=0.12                         337.86  -108.08   124.70   -84.07    -0.06    2.40   208.1
soft_unfreeze_s=4                       339.98  -109.54   124.94   -83.88    -0.39    2.52   209.5
r_slow_max=0.2                          340.52  -109.57   125.26   -84.10    -0.24    2.50   209.6
y_floor_tau_s=60                        340.56  -109.56   125.27   -84.09    -0.20    2.50   209.6
tau_zero_s=30                           340.94  -109.86   125.26   -84.09    -0.39    2.53   209.9
idle_frac=0.02                          340.96  -109.86   125.27   -84.09    -0.38    2.53   209.9
tau_r_fast_s=0.2                        340.96  -109.86   125.27   -84.09    -0.39    2.53   209.9
idle_frac=0.2                           340.96  -109.86   125.27   -84.09    -0.38    2.53   209.9
idle_frac=0.1                           340.96  -109.86   125.27   -84.09    -0.38    2.53   209.9
hold_eps=0.5                            340.97  -109.87   125.27   -77.20    -0.39    2.53   209.9
tau_r_slow_idle_s=0.5                   340.97  -109.87   125.27   -84.10    -0.38    2.53   209.9
A00_现役默认                                340.97  -109.87   125.27   -84.10    -0.39    2.53   209.9
r_fast=0.06                             340.97  -109.87   125.27   -84.10    -0.39    2.53   209.9
tau_c_fast_s=12                         340.97  -109.87   125.27   -84.10    -0.39    2.53   209.9
r_slow_max=0.35                         340.97  -109.87   125.27   -84.10    -0.39    2.53   209.9
slope_cap_frac=0.01                     340.97  -109.87   125.27   -84.10    -0.39    2.53   209.9
slow_confirm_s=2                        340.97  -109.87   125.27   -84.10    -0.39    2.53   209.9
soft_unfreeze_s=0.5                     340.97  -109.87   125.27   -84.10    -0.39    2.53   209.9
soft_unfreeze_s=1                       340.97  -109.87   125.27   -84.10    -0.39    2.53   209.9
soft_unfreeze_s=2                       340.97  -109.87   125.27   -84.10    -0.39    2.53   209.9
tau_r_slow_idle_s=2                     340.97  -109.87   125.27   -84.10    -0.39    2.53   209.9
tau_r_fast_s=0.5                        340.97  -109.87   125.27   -84.10    -0.39    2.53   209.9
hold_eps=2                              340.97  -109.87   125.27   -84.10    -0.39    2.53   209.9
tau_slope_s=1                           340.97  -109.87   125.27   -84.10    -0.39    2.53   209.9
slope_gate_frac=0.05                    340.97  -109.87   125.27   -84.10    -0.39    2.53   209.9
edge_slope_thres=60                     340.97  -109.87   125.27   -84.10    -0.39    2.53   209.9
idle_frac=0.05                          340.97  -109.87   125.27   -84.10    -0.39    2.53   209.9
tau_zero_s=8                            340.97  -109.87   125.27   -84.10    -0.39    2.53   209.9
y_floor_tau_s=300                       340.97  -109.87   125.27   -84.10    -0.39    2.53   209.9
y_floor_tau_s=900                       340.97  -109.87   125.27   -84.10    -0.39    2.53   209.9
hold_eps=0                              340.97  -109.87   125.27   -86.76    -0.39    2.53   209.9
hold_eps=8                              340.97  -109.87   125.27   -86.76    -0.39    2.53   209.9
tau_r_slow_idle_s=8                     340.97  -109.87   125.27   -84.10    -0.39    2.53   209.9
tau_r_slow_idle_s=30                    340.97  -109.87   125.27   -84.10    -0.39    2.53   209.9
tau_r_fast_s=1                          340.98  -109.87   125.28   -84.10    -0.39    2.53   209.9
tau_r_fast_s=2                          341.00  -109.88   125.28   -84.11    -0.38    2.53   209.9
tau_zero_s=2                            341.01  -109.88   125.29   -84.11    -0.38    2.53   209.9
tau_r_fast_s=6                          341.05  -109.89   125.30   -84.12    -0.39    2.53   209.9
slope_gate_frac=0.1                     341.13  -109.91   125.34   -84.30    -0.38    2.51   209.9
slope_gate_frac=0.2                     341.52  -110.06   125.48   -84.44    -0.36    2.51   210.1
tau_c_fast_s=6                          354.75  -114.45   129.87   -88.25    -0.38    2.52   214.4
tau_c_fast_s=4                          363.44  -117.34   132.77   -91.07    -0.38    2.52   217.3
edge_slope_thres=400                    366.86  -118.47   133.92   -69.55    -0.39    2.53   218.5
slope_cap_frac=0.02                     367.84  -118.48   134.53   -86.79    -0.13    2.41   218.5
slope_cap_frac=0.04                     376.15  -120.97   137.48   -87.42     0.04    2.34   221.0
tau_c_fast_s=2                          377.00  -121.85   137.30   -95.90    -0.37    2.51   221.8
slow_confirm_s=1                        382.02  -123.54   138.96   -91.62    -0.39    2.53   223.5
edge_slope_thres=150                    386.33  -124.96   140.40   -91.34    -0.39    2.54   225.0
slow_confirm_s=0.5                      394.24  -127.61   143.03   -92.93    -0.39    2.53   227.6
slow_confirm_s=0                        401.04  -129.88   145.30   -93.60    -0.39    2.53   229.9
r_fast=0.1                              532.28  -173.71   188.99  -144.73    -0.42    2.56   273.7
tau_slope_s=2                           535.27  -174.30   190.34   -78.49    -0.26    2.43   274.3
tau_slope_s=3                           685.19  -224.21   240.35   -76.03    -0.27    3.39   324.2
r_fast=0.16                             812.46  -267.23   282.31  -228.43    -0.52    2.69   367.2

===== 右拇指指腹 =====

参数集                                      score      残漂%      过扣%      欠扣%    末30s%     抖动%     扣除%
tau_slope_s=3                           126.87    80.84   -31.52    92.89    46.03    1.74    19.2
r_fast=0.16                             127.58    81.82   -30.05    93.87    45.76    2.42    18.2
slope_cap_frac=0.04                     129.06    82.11   -31.75    94.23    46.95    1.74    17.9
tau_slope_s=2                           131.53    84.04   -31.55    96.07    47.49    2.02    16.0
slope_gate_frac=0.2                     133.13    85.46   -31.43    97.45    47.67    2.45    14.5
slope_cap_frac=0.02                     133.21    85.02   -31.79    97.03    48.19    2.02    15.0
r_fast=0.1                              134.07    86.03   -31.11    98.05    48.04    2.53    14.0
slope_gate_frac=0.1                     135.51    86.92   -31.73    98.92    48.59    2.45    13.1
tau_c_fast_s=2                          137.27    88.11   -30.70   100.08    49.15    2.65    11.9
tau_c_fast_s=4                          137.48    88.34   -31.12   100.32    49.14    2.65    11.7
tau_c_fast_s=6                          137.74    88.52   -31.40   100.50    49.22    2.65    11.5
tau_r_fast_s=6                          138.53    88.93   -31.80   100.93    49.60    2.61    11.1
tau_zero_s=2                            138.57    88.95   -31.82   100.94    49.62    2.61    11.1
tau_r_fast_s=2                          138.59    88.96   -31.81   100.96    49.62    2.61    11.0
idle_frac=0.2                           138.61    88.97   -31.83   100.97    49.64    2.61    11.0
tau_r_fast_s=1                          138.62    88.98   -31.82   100.98    49.64    2.61    11.0
idle_frac=0.1                           138.64    88.99   -31.83   100.99    49.64    2.61    11.0
soft_unfreeze_s=4                       138.64    89.00   -31.83   100.99    49.65    2.61    11.0
hold_eps=8                              138.65    89.00   -31.83   101.00    49.65    2.61    11.0
hold_eps=0                              138.65    89.00   -31.83   101.00    49.65    2.61    11.0
hold_eps=0.5                            138.65    89.00   -31.84   101.00    49.65    2.61    11.0
tau_r_slow_idle_s=30                    138.65    89.00   -31.83   101.00    49.65    2.61    11.0
tau_r_slow_idle_s=8                     138.65    89.00   -31.83   101.00    49.65    2.61    11.0
A00_现役默认                                138.65    89.00   -31.83   101.00    49.65    2.61    11.0
r_fast=0.06                             138.65    89.00   -31.83   101.00    49.65    2.61    11.0
tau_c_fast_s=12                         138.65    89.00   -31.83   101.00    49.65    2.61    11.0
r_slow_max=0.35                         138.65    89.00   -31.83   101.00    49.65    2.61    11.0
slope_cap_frac=0.01                     138.65    89.00   -31.83   101.00    49.65    2.61    11.0
slow_confirm_s=2                        138.65    89.00   -31.83   101.00    49.65    2.61    11.0
soft_unfreeze_s=0.5                     138.65    89.00   -31.83   101.00    49.65    2.61    11.0
soft_unfreeze_s=1                       138.65    89.00   -31.83   101.00    49.65    2.61    11.0
soft_unfreeze_s=2                       138.65    89.00   -31.83   101.00    49.65    2.61    11.0
tau_r_slow_idle_s=2                     138.65    89.00   -31.83   101.00    49.65    2.61    11.0
tau_r_fast_s=0.5                        138.65    89.00   -31.83   101.00    49.65    2.61    11.0
hold_eps=2                              138.65    89.00   -31.83   101.00    49.65    2.61    11.0
tau_slope_s=1                           138.65    89.00   -31.83   101.00    49.65    2.61    11.0
slope_gate_frac=0.05                    138.65    89.00   -31.83   101.00    49.65    2.61    11.0
edge_slope_thres=60                     138.65    89.00   -31.83   101.00    49.65    2.61    11.0
idle_frac=0.05                          138.65    89.00   -31.83   101.00    49.65    2.61    11.0
tau_zero_s=8                            138.65    89.00   -31.83   101.00    49.65    2.61    11.0
y_floor_tau_s=300                       138.65    89.00   -31.83   101.00    49.65    2.61    11.0
tau_r_slow_idle_s=0.5                   138.65    89.00   -31.83   101.00    49.65    2.61    11.0
y_floor_tau_s=900                       138.65    89.00   -31.83   101.00    49.65    2.61    11.0
idle_frac=0.02                          138.65    89.00   -31.83   101.00    49.65    2.61    11.0
slow_confirm_s=0                        138.65    89.01   -31.83   101.00    49.65    2.61    11.0
slow_confirm_s=0.5                      138.66    89.01   -31.83   101.00    49.65    2.61    11.0
slow_confirm_s=1                        138.66    89.01   -31.83   101.00    49.65    2.61    11.0
y_floor_tau_s=60                        138.68    89.01   -31.83   101.01    49.67    2.61    11.0
tau_zero_s=30                           138.68    89.02   -31.84   101.02    49.66    2.61    11.0
tau_r_fast_s=0.2                        138.70    89.03   -31.85   101.02    49.67    2.61    11.0
r_slow_max=0.2                          138.74    89.05   -31.83   101.04    49.69    2.62    11.0
slow_confirm_s=5                        138.75    89.04   -31.86   101.04    49.71    2.61    11.0
edge_slope_thres=150                    138.77    89.07   -31.88   101.07    49.70    2.61    10.9
edge_slope_thres=400                    138.77    89.07   -31.88   101.07    49.70    2.61    10.9
edge_slope_thres=20                     138.84    89.26   -31.47   101.27    49.58    2.65    10.7
slow_confirm_s=10                       139.09    89.24   -31.88   101.24    49.85    2.61    10.8
r_slow_max=0.12                         139.48    89.61   -31.83   101.60    49.87    2.77    10.4
tau_c_fast_s=24                         140.00    89.71   -32.16   101.70    50.29    2.53    10.3
r_slow_max=0.08                         140.62    90.45   -31.83   102.44    50.17    2.98     9.5
r_fast=0.04                             141.03    90.55   -32.20   102.53    50.48    2.66     9.4
r_slow_max=0.06                         141.29    91.03   -31.83   103.02    50.26    3.11     9.0
slope_cap_frac=0.005                    142.05    91.52   -31.85   103.50    50.53    3.02     8.5
r_slow_max=0.04                         142.08    91.72   -31.83   103.71    50.35    3.24     8.3
slope_gate_frac=0.02                    142.99    92.22   -31.87   104.20    50.77    3.08     7.8
tau_slope_s=0.5                         143.07    92.26   -31.84   104.25    50.81    3.14     7.7
r_slow_max=0.02                         143.33    92.74   -31.83   104.70    50.60    3.38     7.3
r_fast=0.02                             143.46    92.13   -32.57   104.10    51.33    2.70     7.9
slope_cap_frac=0.002                    144.16    93.10   -31.87   105.07    51.07    3.28     6.9
slope_gate_frac=0.01                    145.28    93.91   -31.88   105.89    51.37    3.41     6.1
r_fast=0                                145.95    93.75   -32.95   105.71    52.20    2.74     6.2

===== 左拇指指腹 =====

参数集                                      score      残漂%      过扣%      欠扣%    末30s%     抖动%     扣除%
r_fast=0.16                              77.04    75.17   -22.68    80.97     1.88    6.37    24.8
tau_slope_s=3                            77.09    75.20   -24.62    80.71     1.88    5.99    24.8
slope_cap_frac=0.04                      77.59    75.54   -24.60    81.05     2.05    6.36    24.5
tau_slope_s=2                            78.10    76.39   -24.62    82.18     1.71    5.96    23.6
slope_cap_frac=0.02                      79.02    77.39   -24.63    83.12     1.64    6.30    22.6
slope_gate_frac=0.2                      79.88    78.09   -24.43    83.93     1.79    6.36    21.9
slope_gate_frac=0.1                      80.61    78.79   -24.57    84.67     1.82    6.31    21.2
r_fast=0.1                               80.85    78.94   -23.84    84.77     1.91    6.58    21.1
tau_c_fast_s=2                           83.14    81.22   -23.93    86.99     1.92    6.79    18.8
slow_confirm_s=0                         83.29    81.36   -24.63    87.20     1.93    6.70    18.6
slow_confirm_s=0.5                       83.30    81.37   -24.63    87.21     1.93    6.70    18.6
tau_c_fast_s=4                           83.31    81.39   -24.22    87.19     1.93    6.79    18.6
edge_slope_thres=150                     83.32    81.39   -24.88    87.22     1.93    6.70    18.6
edge_slope_thres=400                     83.32    81.39   -24.89    87.22     1.93    6.70    18.6
slow_confirm_s=1                         83.37    81.44   -24.64    87.28     1.93    6.72    18.6
idle_frac=0.2                            83.41    81.50   -24.65    87.33     1.91    6.71    18.5
tau_c_fast_s=6                           83.41    81.48   -24.39    87.29     1.93    6.79    18.5
tau_zero_s=2                             83.42    81.52   -24.64    87.36     1.90    6.72    18.5
tau_r_fast_s=6                           83.44    81.51   -24.60    87.36     1.93    6.75    18.5
tau_r_fast_s=2                           83.50    81.57   -24.62    87.41     1.93    6.75    18.4
idle_frac=0.1                            83.52    81.60   -24.65    87.44     1.92    6.74    18.4
tau_r_fast_s=1                           83.53    81.61   -24.63    87.44     1.93    6.75    18.4
tau_r_slow_idle_s=30                     83.55    81.63   -24.65    87.46     1.92    6.74    18.4
tau_r_slow_idle_s=8                      83.56    81.63   -24.65    87.47     1.93    6.74    18.4
y_floor_tau_s=900                        83.56    81.63   -24.65    87.47     1.93    6.74    18.4
hold_eps=0                               83.56    81.63   -24.65    87.47     1.93    6.74    18.4
hold_eps=8                               83.56    81.63   -24.65    87.47     1.93    6.74    18.4
A00_现役默认                                 83.56    81.63   -24.65    87.47     1.93    6.74    18.4
r_fast=0.06                              83.56    81.63   -24.65    87.47     1.93    6.74    18.4
tau_c_fast_s=12                          83.56    81.63   -24.65    87.47     1.93    6.74    18.4
r_slow_max=0.35                          83.56    81.63   -24.65    87.47     1.93    6.74    18.4
slope_cap_frac=0.01                      83.56    81.63   -24.65    87.47     1.93    6.74    18.4
slow_confirm_s=2                         83.56    81.63   -24.65    87.47     1.93    6.74    18.4
soft_unfreeze_s=0.5                      83.56    81.63   -24.65    87.47     1.93    6.74    18.4
soft_unfreeze_s=1                        83.56    81.63   -24.65    87.47     1.93    6.74    18.4
soft_unfreeze_s=2                        83.56    81.63   -24.65    87.47     1.93    6.74    18.4
tau_r_slow_idle_s=2                      83.56    81.63   -24.65    87.47     1.93    6.74    18.4
tau_r_fast_s=0.5                         83.56    81.63   -24.65    87.47     1.93    6.74    18.4
hold_eps=2                               83.56    81.63   -24.65    87.47     1.93    6.74    18.4
tau_slope_s=1                            83.56    81.63   -24.65    87.47     1.93    6.74    18.4
slope_gate_frac=0.05                     83.56    81.63   -24.65    87.47     1.93    6.74    18.4
edge_slope_thres=60                      83.56    81.63   -24.65    87.47     1.93    6.74    18.4
idle_frac=0.05                           83.56    81.63   -24.65    87.47     1.93    6.74    18.4
tau_zero_s=8                             83.56    81.63   -24.65    87.47     1.93    6.74    18.4
y_floor_tau_s=300                        83.56    81.63   -24.65    87.47     1.93    6.74    18.4
hold_eps=0.5                             83.56    81.63   -24.65    87.47     1.93    6.74    18.4
tau_r_slow_idle_s=0.5                    83.56    81.64   -24.65    87.47     1.93    6.74    18.4
idle_frac=0.02                           83.57    81.65   -24.65    87.48     1.93    6.75    18.4
tau_r_fast_s=0.2                         83.59    81.66   -24.66    87.50     1.92    6.74    18.3
tau_zero_s=30                            83.60    81.67   -24.65    87.50     1.93    6.75    18.3
soft_unfreeze_s=4                        83.68    81.75   -24.65    87.59     1.92    6.74    18.2
tau_c_fast_s=24                          83.71    81.80   -24.82    87.65     1.91    6.65    18.2
y_floor_tau_s=60                         84.33    82.17   -24.65    87.80     2.16    6.81    17.8
slow_confirm_s=5                         84.33    82.41   -24.67    88.26     1.92    6.85    17.6
r_fast=0.04                              85.00    83.06   -25.06    88.90     1.95    6.83    16.9
slow_confirm_s=10                        85.36    83.45   -24.68    89.30     1.91    6.88    16.6
edge_slope_thres=20                      85.52    83.55   -24.41    89.23     1.97    6.87    16.5
r_slow_max=0.2                           85.91    83.46   -24.65    89.07     2.45    7.18    16.5
r_fast=0.02                              86.46    84.50   -25.49    90.34     1.97    6.92    15.5
r_fast=0                                 87.97    85.99   -25.92    91.84     1.98    7.00    14.0
slope_gate_frac=0.02                     89.17    86.69   -24.67    92.39     2.48    7.54    13.3
r_slow_max=0.12                          89.24    86.31   -24.65    91.84     2.93    7.89    13.7
slope_cap_frac=0.005                     89.63    86.99   -24.66    92.66     2.64    7.63    13.0
tau_slope_s=0.5                          90.63    88.02   -24.66    93.63     2.61    7.83    12.0
r_slow_max=0.08                          91.35    88.26   -24.65    93.83     3.09    8.22    11.7
r_slow_max=0.06                          92.68    89.45   -24.65    94.99     3.23    8.37    10.6
slope_gate_frac=0.01                     93.25    90.24   -24.68    95.81     3.01    8.03     9.8
r_slow_max=0.04                          94.19    90.79   -24.65    96.30     3.40    8.54     9.2
slope_cap_frac=0.002                     94.21    91.02   -24.67    96.57     3.19    8.35     9.0
r_slow_max=0.02                          95.76    92.28   -24.65    97.78     3.48    8.70     7.7

===== 右手掌 =====

参数集                                      score      残漂%      过扣%      欠扣%    末30s%     抖动%     扣除%
tau_slope_s=3                            81.54    76.34   -15.72    79.66     5.20    6.79    23.7
tau_slope_s=2                            83.59    78.90   -15.76    82.23     4.68    7.20    21.1
slope_cap_frac=0.04                      83.93    78.35   -15.81    81.49     5.57    6.86    21.6
r_fast=0.16                              84.81    79.61   -14.90    82.78     5.20    8.29    20.4
slope_gate_frac=0.2                      85.51    80.38   -15.62    83.64     5.13    7.92    19.6
slope_cap_frac=0.02                      86.07    81.02   -15.84    84.26     5.05    7.48    19.0
slope_gate_frac=0.1                      86.64    81.70   -15.80    84.97     4.94    7.95    18.3
r_fast=0.1                               88.98    83.63   -15.48    86.79     5.35    8.64    16.4
tau_c_fast_s=2                           91.46    86.06   -14.95    89.22     5.39    8.97    13.9
tau_c_fast_s=4                           91.61    86.21   -15.30    89.37     5.41    8.97    13.8
tau_zero_s=2                             91.69    86.27   -15.86    89.43     5.41    8.87    13.7
tau_c_fast_s=6                           91.69    86.28   -15.53    89.44     5.41    8.96    13.7
tau_r_fast_s=6                           91.79    86.35   -15.83    89.50     5.45    8.90    13.7
tau_r_fast_s=2                           91.82    86.37   -15.85    89.53     5.44    8.89    13.6
slow_confirm_s=0.5                       91.82    86.39   -15.87    89.56     5.43    8.89    13.6
slow_confirm_s=0                         91.82    86.39   -15.87    89.56     5.43    8.89    13.6
slow_confirm_s=1                         91.82    86.39   -15.87    89.56     5.43    8.89    13.6
tau_r_slow_idle_s=30                     91.83    86.40   -15.87    89.55     5.43    8.89    13.6
tau_r_fast_s=1                           91.83    86.39   -15.86    89.55     5.44    8.89    13.6
y_floor_tau_s=900                        91.83    86.40   -15.87    89.56     5.43    8.89    13.6
tau_r_slow_idle_s=8                      91.83    86.40   -15.87    89.55     5.43    8.89    13.6
hold_eps=0                               91.84    86.41   -15.87    89.56     5.43    8.89    13.6
hold_eps=8                               91.84    86.41   -15.87    89.56     5.43    8.89    13.6
A00_现役默认                                 91.84    86.41   -15.87    89.56     5.43    8.89    13.6
r_fast=0.06                              91.84    86.41   -15.87    89.56     5.43    8.89    13.6
tau_c_fast_s=12                          91.84    86.41   -15.87    89.56     5.43    8.89    13.6
r_slow_max=0.35                          91.84    86.41   -15.87    89.56     5.43    8.89    13.6
slope_cap_frac=0.01                      91.84    86.41   -15.87    89.56     5.43    8.89    13.6
slow_confirm_s=2                         91.84    86.41   -15.87    89.56     5.43    8.89    13.6
soft_unfreeze_s=0.5                      91.84    86.41   -15.87    89.56     5.43    8.89    13.6
soft_unfreeze_s=1                        91.84    86.41   -15.87    89.56     5.43    8.89    13.6
soft_unfreeze_s=2                        91.84    86.41   -15.87    89.56     5.43    8.89    13.6
soft_unfreeze_s=4                        91.84    86.41   -15.87    89.56     5.43    8.89    13.6
tau_r_slow_idle_s=2                      91.84    86.41   -15.87    89.56     5.43    8.89    13.6
tau_r_fast_s=0.5                         91.84    86.41   -15.87    89.56     5.43    8.89    13.6
hold_eps=2                               91.84    86.41   -15.87    89.56     5.43    8.89    13.6
tau_slope_s=1                            91.84    86.41   -15.87    89.56     5.43    8.89    13.6
slope_gate_frac=0.05                     91.84    86.41   -15.87    89.56     5.43    8.89    13.6
edge_slope_thres=60                      91.84    86.41   -15.87    89.56     5.43    8.89    13.6
idle_frac=0.05                           91.84    86.41   -15.87    89.56     5.43    8.89    13.6
tau_zero_s=8                             91.84    86.41   -15.87    89.56     5.43    8.89    13.6
y_floor_tau_s=300                        91.84    86.41   -15.87    89.56     5.43    8.89    13.6
hold_eps=0.5                             91.84    86.41   -15.87    89.56     5.43    8.89    13.6
idle_frac=0.02                           91.84    86.41   -15.87    89.56     5.43    8.89    13.6
edge_slope_thres=150                     91.84    86.41   -15.87    89.56     5.43    8.89    13.6
edge_slope_thres=400                     91.84    86.41   -15.87    89.56     5.43    8.89    13.6
tau_r_fast_s=0.2                         91.86    86.43   -15.88    89.58     5.43    8.89    13.6
tau_r_slow_idle_s=0.5                    91.86    86.43   -15.87    89.58     5.44    8.90    13.6
slow_confirm_s=5                         91.87    86.43   -15.89    89.58     5.44    8.89    13.6
idle_frac=0.1                            91.87    86.42   -15.87    89.57     5.45    8.90    13.6
idle_frac=0.2                            91.87    86.43   -15.87    89.58     5.44    8.91    13.6
tau_zero_s=30                            91.88    86.45   -15.88    89.60     5.44    8.90    13.6
edge_slope_thres=20                      91.89    86.45   -15.84    89.60     5.44    8.90    13.5
slow_confirm_s=10                        91.96    86.52   -15.90    89.67     5.44    8.90    13.5
tau_c_fast_s=24                          91.99    86.56   -16.11    89.71     5.43    8.73    13.4
r_slow_max=0.2                           92.35    86.74   -15.87    89.86     5.61    8.94    13.3
y_floor_tau_s=60                         92.63    86.93   -15.87    90.02     5.71    8.99    13.1
r_fast=0.04                              93.33    87.86   -16.07    91.00     5.47    9.03    12.1
r_slow_max=0.12                          94.13    87.99   -15.87    91.03     6.14    9.24    12.0
r_fast=0.02                              94.84    89.34   -16.27    92.47     5.50    9.16    10.7
r_slow_max=0.08                          95.80    89.41   -15.87    92.42     6.39    9.67    10.6
slope_cap_frac=0.005                     95.98    89.93   -15.89    92.96     6.05    9.76    10.1
r_fast=0                                 96.40    90.86   -16.48    93.98     5.54    9.30     9.1
r_slow_max=0.06                          96.87    90.35   -15.87    93.35     6.52    9.97     9.6
r_slow_max=0.04                          98.09    91.43   -15.87    94.43     6.66   10.28     8.6
tau_slope_s=0.5                          98.65    92.22   -15.95    95.20     6.43   10.35     7.8
slope_cap_frac=0.002                     98.77    92.28   -15.90    95.24     6.50   10.33     7.7
slope_gate_frac=0.02                     99.11    92.57   -15.90    95.52     6.55   10.40     7.4
r_slow_max=0.02                          99.37    92.65   -15.87    95.64     6.72   10.56     7.3
slope_gate_frac=0.01                    100.12    93.45   -15.90    96.40     6.67   10.63     6.6

===== 左手掌 =====

参数集                                      score      残漂%      过扣%      欠扣%    末30s%     抖动%     扣除%
tau_slope_s=3                            83.05    79.55   -23.07    84.22     2.99    7.17    20.4
slope_cap_frac=0.04                      85.61    81.66   -23.13    86.53     2.76    7.43    18.3
r_fast=0.16                              86.30    81.69   -22.14    86.58     3.93    8.13    18.3
tau_slope_s=2                            87.20    83.20   -23.10    87.95     3.48    7.70    16.8
slope_gate_frac=0.2                      89.01    84.68   -22.96    89.43     4.00    8.30    15.3
slope_cap_frac=0.02                      89.39    84.86   -23.16    89.82     3.45    7.96    15.1
slope_gate_frac=0.1                      90.36    86.07   -23.13    90.81     3.98    8.33    13.9
r_fast=0.1                               90.84    86.00   -22.78    90.89     4.13    8.53    14.0
tau_c_fast_s=2                           93.76    88.78   -22.16    93.65     4.35    8.91    11.2
tau_c_fast_s=4                           93.87    88.88   -22.57    93.75     4.34    8.90    11.1
tau_zero_s=2                             93.90    88.93   -23.17    93.83     4.25    8.79    11.1
tau_c_fast_s=6                           93.92    88.93   -22.82    93.81     4.32    8.89    11.1
tau_r_fast_s=6                           93.95    88.98   -23.15    93.88     4.26    8.82    11.0
tau_r_fast_s=2                           93.98    89.01   -23.16    93.91     4.26    8.81    11.0
slow_confirm_s=0                         93.99    89.02   -23.18    93.91     4.26    8.80    11.0
slow_confirm_s=0.5                       93.99    89.02   -23.18    93.91     4.26    8.80    11.0
slow_confirm_s=1                         93.99    89.02   -23.18    93.92     4.26    8.80    11.0
y_floor_tau_s=900                        94.00    89.03   -23.18    93.92     4.26    8.80    11.0
tau_r_fast_s=1                           94.00    89.03   -23.17    93.93     4.26    8.81    11.0
idle_frac=0.1                            94.01    89.04   -23.18    93.93     4.26    8.81    11.0
tau_r_slow_idle_s=30                     94.01    89.04   -23.18    93.93     4.26    8.81    11.0
tau_r_slow_idle_s=8                      94.01    89.04   -23.18    93.93     4.26    8.81    11.0
idle_frac=0.02                           94.02    89.05   -23.18    93.94     4.26    8.81    11.0
hold_eps=0.5                             94.02    89.05   -23.18    93.94     4.26    8.81    11.0
A00_现役默认                                 94.02    89.05   -23.18    93.94     4.26    8.81    11.0
r_fast=0.06                              94.02    89.05   -23.18    93.94     4.26    8.81    11.0
tau_c_fast_s=12                          94.02    89.05   -23.18    93.94     4.26    8.81    11.0
r_slow_max=0.35                          94.02    89.05   -23.18    93.94     4.26    8.81    11.0
slope_cap_frac=0.01                      94.02    89.05   -23.18    93.94     4.26    8.81    11.0
slow_confirm_s=2                         94.02    89.05   -23.18    93.94     4.26    8.81    11.0
soft_unfreeze_s=0.5                      94.02    89.05   -23.18    93.94     4.26    8.81    11.0
soft_unfreeze_s=1                        94.02    89.05   -23.18    93.94     4.26    8.81    11.0
soft_unfreeze_s=2                        94.02    89.05   -23.18    93.94     4.26    8.81    11.0
soft_unfreeze_s=4                        94.02    89.05   -23.18    93.94     4.26    8.81    11.0
tau_r_slow_idle_s=2                      94.02    89.05   -23.18    93.94     4.26    8.81    11.0
tau_r_fast_s=0.5                         94.02    89.05   -23.18    93.94     4.26    8.81    11.0
hold_eps=2                               94.02    89.05   -23.18    93.94     4.26    8.81    11.0
tau_slope_s=1                            94.02    89.05   -23.18    93.94     4.26    8.81    11.0
slope_gate_frac=0.05                     94.02    89.05   -23.18    93.94     4.26    8.81    11.0
edge_slope_thres=60                      94.02    89.05   -23.18    93.94     4.26    8.81    11.0
edge_slope_thres=150                     94.02    89.05   -23.18    93.94     4.26    8.81    11.0
edge_slope_thres=400                     94.02    89.05   -23.18    93.94     4.26    8.81    11.0
idle_frac=0.05                           94.02    89.05   -23.18    93.94     4.26    8.81    11.0
tau_zero_s=8                             94.02    89.05   -23.18    93.94     4.26    8.81    11.0
y_floor_tau_s=300                        94.02    89.05   -23.18    93.94     4.26    8.81    11.0
hold_eps=0                               94.02    89.05   -23.18    93.94     4.26    8.81    11.0
hold_eps=8                               94.02    89.05   -23.18    93.94     4.26    8.81    11.0
tau_r_slow_idle_s=0.5                    94.03    89.06   -23.18    93.95     4.26    8.82    10.9
tau_r_fast_s=0.2                         94.04    89.07   -23.20    93.96     4.25    8.81    10.9
edge_slope_thres=20                      94.04    89.06   -23.16    93.96     4.26    8.82    10.9
tau_zero_s=30                            94.06    89.09   -23.19    93.98     4.26    8.82    10.9
slow_confirm_s=5                         94.08    89.11   -23.22    94.01     4.26    8.83    10.9
idle_frac=0.2                            94.09    89.16   -23.19    94.06     4.30    8.84    10.8
tau_c_fast_s=24                          94.16    89.26   -23.44    94.17     4.16    8.66    10.7
slow_confirm_s=10                        94.22    89.25   -23.22    94.14     4.26    8.85    10.8
r_slow_max=0.2                           94.32    89.44   -23.18    94.28     4.32    8.93    10.6
y_floor_tau_s=60                         94.64    89.78   -23.18    94.56     4.66    8.95    10.2
r_slow_max=0.12                          94.99    90.09   -23.18    94.88     4.47    9.10     9.9
r_fast=0.04                              95.69    90.65   -23.39    95.54     4.34    8.96     9.4
r_slow_max=0.08                          95.86    90.87   -23.18    95.63     4.60    9.31     9.1
r_slow_max=0.06                          96.51    91.48   -23.18    96.19     4.68    9.47     8.5
slope_cap_frac=0.005                     96.52    91.30   -23.20    96.17     4.72    9.27     8.7
r_slow_max=0.04                          97.32    92.22   -23.18    96.93     4.84    9.62     7.8
slope_gate_frac=0.02                     97.42    92.24   -23.21    97.14     4.69    9.49     7.8
r_fast=0.02                              97.42    92.29   -23.60    97.18     4.43    9.12     7.7
tau_slope_s=0.5                          97.44    92.21   -23.28    97.11     4.59    9.51     7.8
slope_cap_frac=0.002                     98.22    92.88   -23.21    97.76     5.01    9.61     7.1
r_slow_max=0.02                          98.22    93.03   -23.18    97.80     5.02    9.75     7.0
slope_gate_frac=0.01                     98.39    93.21   -23.22    98.08     4.98    9.67     6.8
r_fast=0                                 99.21    93.99   -23.81    98.88     4.53    9.28     6.0
