数据集 D:\workshop\Processing\multi-device-cascade-host-cpp\temp\算法数据&原始数据\working\零基线-反复增减同一负载\20260919_160854_single_device_7b3977

=== 各 gain 臂：重载沿后 [20,40] s 的补偿量 ded（越大越好；v3.1 约 -60 即“归零”）===
gain           3.3      15.2      41.8      63.4     232.2     245.3     258.3     261.7     278.6     289.3     300.6     303.4
0.00          1621      1685      1986      2195       -84       -78       -51       -52       -64         -         -         -
0.50          1621      1685      1986      2195       408       750        -3       -51       142         -         -         -
0.70          1621      1685      1986      2195       819      1175       103       -51       349         -         -         -
0.85          1621      1685      1986      2195      1140      1500       138       -50       558         -         -         -
1.00          1621      1685      1986      2195      1490      1864       141       -50       781         -         -         -

=== 代价与不变量 ===
gain           重载后最小ded          平均ded   全程|ded|max          G中位       限幅命中
0.00                -85            -84         1267        1.004      95345
0.50                -85            -64         2157        0.984      67101
0.70                -85            -64         2572        0.970      65472
0.85                -85            -62         2905        0.964      64842
1.00                -85            -50         3264        0.955      64607
