=== 每次加载沿的起跳环境（沿前 2.5~0.5 s 的窗口）===
      沿t       in前       st       ev     idle state@+1s    A_sum前    base估 level_ref    min_ts ts_smooth A_hat@+1s
    3.34      2416        0        0        1         1         0    10852      2399      2393      2429      9340
   15.18     13418        2        0        0         1     12068    15834      9672      2393     13609      3077
   41.75     14473        2        0        0         1     12774    15245     15516      2393     14541      2850
   63.41     14659        2        0        0         1     12819    14903     16012      2393     14737      2593
  232.23     15203        2        0        0         1     12730    14826     15762      2393     15110      2534
  245.31      2596        0        0        1         1      1626    15282     11209      2393      2594     14036
  258.34      2561        0        0        1         1      2885    12348     11834      2393      2561     11066
  261.72     13684        1        1        0         1      2885    16924     12081      2393     13929      3596
  278.63      2640        0        0        1         1      2922    15398     13133      2393      2636     14508
  289.33     14437        2        0        0         1     14641    17455     14265      2393     14460      3410
  300.61      2598        0        0        1         1      3385    12505     12468      2393      2660     11078
  303.42     13833        1        1        0         1      3385    16667     12498      2393     13904      3177

（base估 = 沿后 0~0.3 s 的显示值；A_sum前 = 沿前 0.5 s 的锚定无蠕变电平）

=== 卸载沿的性质（是否真回到空载带）===
      沿t       in前     in后@+3      回到空载?  idle@+1s state@+1s
   36.99     16962      14484          否         0         2
   56.94     17557      14659          否         0         2
  216.66     17855      15174          否         0         2
  240.11     17616       2596          是         1         0
  252.15     17298       2574          是         0         2
  255.67     14796      13476          否         1         0
  275.75     17713      16986          否         1         0
  282.30     17191      14383          否         0         2
  295.46     17697       2604          是         0         2

=== 第二次 onset(245.31) 与首次 onset(3.34) 的显示轨迹对照（沿后每秒）===
 dt(s)   in@3.34  out@3.34  ded@3.34 in@245.31 out@245.31 ded@245.31
   0.5     11510     11566       -55     16215     16294       -79
   1.0     11746     11802       -56     16544     16625       -81
   1.5     12202     12089       113     16718     16800       -81
   2.0     12360     12076       284     16830     16912       -82
   3.0     12586     12068       518     16978     17048       -70
   4.0     12799     12250       549     17121     17146       -25
   5.0     13091     12444       647     17290     17251        38
   7.0     13256     12406       850     14808     14700       108
  10.0     13410     12340      1070     14780     14648       132
  15.0     16572     15544      1027     13753     13819       -66
  20.0     16741     15516      1225     17422     17458       -36
  30.0     16935     15393      1542     17734     17550       184
  45.0     17464     15855      1609     17548     17632       -84
  60.0     16802     14973      1829     17347     17386       -39
