窗口 [245.2, 258.0] 共 1284 帧（每 8 帧打印一行）
        t   sum_in  sum_out    st   ev   kd    A_sum comp_tot  ded_unc  ded_cap levelref   tssmoo   min_ts  idl  vlly  vlrun     tau    A_hat   c_appl        g
  245.239     2557     2557     0    0    0     1626        0        0        0  11170.6   2587.7   2393.0    1     1   5.24  -1.000      0.0      0.0   0.0000
  245.314    14109    14109     1    1    0     1626        0        0        0  11121.2   5236.9   2393.0    0     0   0.00   0.075      0.0      2.5   0.0000
  245.394    14913    14913     1    1    0     1626        0        0        0  11088.7   7613.6   2393.0    0     0   0.00   0.155      0.0      2.5   0.0000
  245.484    15125    15125     1    1    0     1626        0        0        0  11072.1   9713.0   2393.0    0     0   0.00   0.245      0.0      2.5   0.0000
  245.553    15526    15535     1    1    0     1626       -9        0        0  11069.6  10974.1   2393.0    0     0   0.00   0.314  13587.0      8.7   0.0000
  245.649    15705    15780     1    1    0     1626      -75        0        0  11079.0  12360.9   2393.0    0     0   0.00   0.410  13775.0    142.2   0.0000
  245.714    15785    15861     1    1    0     1626      -76        0        0  11090.8  13062.1   2393.0    0     0   0.00   0.475  13859.0    293.0   0.0000
  245.813    15858    15935     1    1    0     1626      -77        0        0  11116.7  13906.5   2393.0    0     0   0.00   0.574  13935.6    529.0   0.0000
  245.884    16062    16140     1    1    0     1626      -78        0        0  11139.2  14387.4   2393.0    0     0   0.00   0.645  14149.8    651.7   0.0000
  245.954    16162    16241     1    1    0     1626      -79        0        0  11163.9  14773.7   2393.0    0     0   0.00   0.715  14254.8    681.3   0.0000
  246.046    16212    16291     1    1    0     1626      -79        0        0  11199.9  15178.3   2393.0    0     0   0.00   0.807  14307.3    683.8   0.0000
  246.130    16244    16323     1    1    0     1626      -79        0        0  11235.0  15454.1   2393.0    0     0   0.00   0.891  14340.9    685.4   0.0000
  246.213    16324    16403     1    1    0     1626      -79        0        0  11271.4  15678.1   2393.0    0     0   0.00   0.974  14424.9    689.4   0.0000
  246.297    16372    16452     1    1    0     1626      -80        0        0  11309.5  15857.3   2393.0    0     0   0.00   1.058  14459.5    676.1   0.0000
  246.349    16438    16518     1    1    0     1626      -80        0        0  11333.5  15952.8   2393.0    0     0   0.00   1.110  14459.5    610.1   0.0000
  246.429    16466    16546     1    1    0     1626      -80        0        0  11371.2  16079.9   2393.0    0     0   0.00   1.190  14459.5    582.1   0.0000
  246.513    16527    16608     1    1    0     1626      -81        0        0  11411.3  16191.9   2393.0    0     0   0.00   1.274  14459.5    521.1   0.0000
  246.597    16557    16638     1    1    0     1626      -81        0        0  11452.0  16285.0   2393.0    0     0   0.00   1.358  14459.5    491.1   0.0000
  246.669    16600    16681     1    1    0     1626      -81        0        0  11487.1  16355.9   2393.0    0     0   0.00   1.430  14459.5    448.1   0.0000
  246.763    16614    16695     1    1    0     1626      -81        0        0  11533.3  16428.7   2393.0    0     0   0.00   1.524  14459.5    434.1   0.0000
  246.847    16644    16725     1    1    0     1626      -81        0        0  11574.7  16482.5   2393.0    0     0   0.00   1.608  14459.5    404.1   0.0000
  246.931    16672    16753     1    1    0     1626      -81        0        0  11616.1  16529.6   2393.0    0     0   0.00   1.692  14459.5    376.1   0.0000
  247.013    16688    16769     1    1    0     1626      -81        0        0  11656.6  16569.1   2393.0    0     0   0.00   1.774  14459.5    360.1   0.0000
  247.096    16720    16802     1    1    0     1626      -82        0        0  11697.5  16606.9   2393.0    0     0   0.00   1.857  14459.5    328.1   0.0000
  247.164    16723    16804     1    1    0     1626      -81        0        0  11731.0  16631.6   2393.0    0     0   0.00   1.925  14459.5    325.1   0.0000
  247.248    16742    16823     1    1    0     1626      -81        0        0  11772.2  16659.2   2393.0    0     0   0.00   2.009  14459.5    306.1   0.0000
  247.329    16755    16836     1    1    0     1626      -81        0        0  11811.9  16683.0   2393.0    0     0   0.00   2.090  14459.5    293.1   0.0000
  247.413    16796    16877     1    1    0     1626      -81        0        0  11852.9  16709.5   2393.0    0     0   0.00   2.174  14459.5    252.1   0.0000
  247.480    16803    16885     1    1    0     1626      -82        0        0  11885.5  16729.1   2393.0    0     0   0.00   2.241  14459.5    245.1   0.0000
  247.563    16820    16902     1    1    0     1626      -82        0        0  11925.7  16751.9   2393.0    0     0   0.00   2.324  14459.5    228.1   0.0000
  247.646    16823    16905     1    1    0     1626      -82        0        0  11965.8  16770.4   2393.0    0     0   0.00   2.407  14459.5    225.1   0.0000
  247.715    16839    16921     1    1    0     1626      -82        0        0  11999.0  16784.7   2393.0    0     0   0.00   2.476  14459.5    209.1   0.0000
  247.798    16859    16940     1    1    0     1626      -81        0        0  12038.8  16803.2   2393.0    0     0   0.00   2.559  14459.5    189.1   0.0000
  247.865    16872    16953     1    1    0     1626      -81        0        0  12070.7  16816.1   2393.0    0     0   0.00   2.626  14459.5    176.1   0.0000
  247.963    16889    16970     1    1    0     1626      -81        0        0  12117.2  16835.7   2393.0    0     0   0.00   2.724  14459.5    159.1   0.0000
  248.046    16901    16982     1    1    0     1626      -81        0        0  12156.4  16852.1   2393.0    0     0   0.00   2.807  14459.5    147.1   0.0000
  248.130    16914    16994     1    1    0     1626      -80        0        0  12195.9  16867.4   2393.0    0     0   0.00   2.891  14459.5    134.1   0.0000
  248.197    16924    17004     1    1    0     1626      -80        0        0  12227.2  16878.9   2393.0    0     0   0.00   2.958  14459.5    124.1   0.0000
  248.264    16943    17023     1    1    0     1626      -80        0        0  12258.4  16891.9   2393.0    0     0   0.00   3.025  14459.5    105.1   0.0000
  248.349    16953    17033     1    1    0     1626      -80        0        0  12297.8  16906.9   2393.0    0     0   0.00   3.110  14459.5     95.1   0.0000
  248.446    16962    17041     1    1    0     1626      -79        0        0  12342.5  16922.5   2393.0    0     0   0.00   3.207  14459.5     86.1   0.0000
  248.515    16971    17046     1    1    0     1626      -75        0        0  12374.2  16932.6   2393.0    0     0   0.00   3.276  14459.5     77.1   0.0000
  248.596    16974    17047     1    1    0     1626      -73        0        0  12411.1  16943.5   2393.0    0     0   0.00   3.357  14459.5     74.1   0.0000
  248.680    16980    17048     1    1    0     1626      -68        0        0  12449.1  16951.7   2393.0    0     0   0.00   3.441  14459.5     68.1   0.0000
  248.738    17000    17048     1    1    0     1626      -48        0        0  12475.2  16959.9   2393.0    0     0   0.00   3.499  14459.5     48.1   0.0000
  248.834    17009    17049     2    0    0    17048      -40      -40      -40  12518.3  16974.1   2393.0    0     0   0.00  -1.000      0.0      0.0  -0.0026
  248.913    17023    17063     2    0    0    17048      -40      -40      -40  12553.5  16984.0   2393.0    0     0   0.00  -1.000      0.0      0.0  -0.0026
  248.996    17035    17074     2    0    0    17048      -39      -40      -40  12590.3  16996.0   2393.0    0     0   0.00  -1.000      0.0      0.0  -0.0025
  249.080    17039    17078     2    0    0    17048      -39      -39      -39  12627.3  17007.7   2393.0    0     0   0.00  -1.000      0.0      0.0  -0.0025
  249.163    17062    17099     2    0    0    17048      -37      -38      -38  12663.7  17021.8   2393.0    0     0   0.00  -1.000      0.0      0.0  -0.0025
  249.246    17065    17101     2    0    0    17048      -36      -38      -38  12699.8  17032.9   2393.0    0     0   0.00  -1.000      0.0      0.0  -0.0024
  249.315    17077    17112     2    0    0    17048      -35      -37      -37  12729.7  17042.3   2393.0    0     0   0.00  -1.000      0.0      0.0  -0.0024
  249.396    17092    17125     2    0    0    17048      -33      -36      -36  12764.7  17052.2   2393.0    0     0   0.00  -1.000      0.0      0.0  -0.0023
  249.480    17112    17143     2    0    0    17048      -31      -34      -34  12800.7  17065.9   2393.0    0     0   0.00  -1.000      0.0      0.0  -0.0022
  249.563    17123    17151     2    0    0    17048      -28      -31      -31  12836.1  17080.0   2393.0    0     0   0.00  -1.000      0.0      0.0  -0.0020
  249.634    17154    17179     2    0    0    17048      -25      -30      -30  12866.2  17094.6   2393.0    0     0   0.00  -1.000      0.0      0.0  -0.0019
  249.713    17146    17168     2    0    0    17048      -22      -27      -27  12899.7  17108.2   2393.0    0     0   0.00  -1.000      0.0      0.0  -0.0018
  249.796    17184    17202     2    0    0    17048      -18      -25      -25  12934.6  17123.9   2393.0    0     0   0.00  -1.000      0.0      0.0  -0.0016
  249.864    17224    17238     2    0    0    17048      -14      -22      -22  12963.2  17144.5   2393.0    0     0   0.00  -1.000      0.0      0.0  -0.0014
  249.963    17255    17263     2    0    0    17048       -8      -18      -18  13004.7  17175.5   2393.0    0     0   0.00  -1.000      0.0      0.0  -0.0012
  250.030    17268    17272     2    0    0    17048       -4      -15      -15  13032.7  17195.1   2393.0    0     0   0.00  -1.000      0.0      0.0  -0.0010
  250.113    17277    17275     2    0    0    17048        2      -12      -12  13067.3  17215.6   2393.0    0     0   0.00  -1.000      0.0      0.0  -0.0007
  250.184    17277    17270     2    0    0    17048        7       -8       -8  13096.8  17229.2   2393.0    0     0   0.00  -1.000      0.0      0.0  -0.0005
  250.263    17283    17270     2    0    0    17048       13       -3       -3  13129.5  17242.2   2393.0    0     0   0.00  -1.000      0.0      0.0  -0.0002
  250.363    17289    17268     2    0    0    17048       21        2        2  13170.6  17256.7   2393.0    0     0   0.00  -1.000      0.0      0.0   0.0001
  250.413    17288    17263     2    0    0    17048       25        5        5  13191.0  17262.1   2393.0    0     0   0.00  -1.000      0.0      0.0   0.0003
  250.499    17302    17270     2    0    0    17048       32       10       10  13226.0  17269.8   2393.0    0     0   0.00  -1.000      0.0      0.0   0.0007
  250.581    17301    17262     2    0    0    17048       39       15       15  13259.2  17278.2   2393.0    0     0   0.00  -1.000      0.0      0.0   0.0010
  250.654    17304    17259     2    0    0    17048       45       20       20  13288.5  17283.3   2393.0    0     0   0.00  -1.000      0.0      0.0   0.0013
  250.746    17306    17253     2    0    0    17048       53       26       26  13325.2  17289.1   2393.0    0     0   0.00  -1.000      0.0      0.0   0.0017
  250.830    17312    17252     2    0    0    17048       60       31       31  13358.5  17294.3   2393.0    0     0   0.00  -1.000      0.0      0.0   0.0020
  250.913    17317    17250     2    0    0    17048       67       36       36  13391.1  17299.9   2393.0    0     0   0.00  -1.000      0.0      0.0   0.0023
  250.996    17315    17241     2    0    0    17048       74       42       42  13423.5  17304.2   2393.0    0     0   0.00  -1.000      0.0      0.0   0.0027
  251.080    17318    17237     2    0    0    17048       81       47       47  13456.1  17307.5   2393.0    0     0   0.00  -1.000      0.0      0.0   0.0030
  251.148    17326    17240     2    0    0    17048       86       51       51  13482.2  17310.9   2393.0    0     0   0.00  -1.000      0.0      0.0   0.0033
  251.214    17333    17242     2    0    0    17048       91       55       55  13507.5  17315.8   2393.0    0     0   0.00  -1.000      0.0      0.0   0.0035
  251.313    17338    17239     2    0    0    17048       99       61       61  13545.1  17322.3   2393.0    0     0   0.00  -1.000      0.0      0.0   0.0039
  251.369    17346    17243     2    0    0    17048      103       64       64  13566.3  17325.6   2393.0    0     0   0.00  -1.000      0.0      0.0   0.0041
  251.449    17338    17229     2    0    0    17048      109       68       68  13596.3  17329.3   2393.0    0     0   0.00  -1.000      0.0      0.0   0.0044
  251.529    17347    17232     2    0    0    17048      115       73       73  13626.2  17333.2   2393.0    0     0   0.00  -1.000      0.0      0.0   0.0046
  251.609    17347    17226     2    0    0    17048      121       77       77  13655.8  17337.8   2393.0    0     0   0.00  -1.000      0.0      0.0   0.0049
  251.689    17353    17226     2    0    0    17048      127       82       82  13685.2  17341.2   2393.0    0     0   0.00  -1.000      0.0      0.0   0.0052
  251.769    17345    17213     2    0    0    17048      132       86       86  13714.4  17342.4   2393.0    0     0   0.00  -1.000      0.0      0.0   0.0055
  251.863    17362    17224     2    0    0    17048      138       91       91  13748.4  17346.3   2393.0    0     0   0.00  -1.000      0.0      0.0   0.0058
  251.947    17365    17221     2    0    0    17048      144       95       95  13778.6  17350.5   2393.0    0     0   0.00  -1.000      0.0      0.0   0.0061
  252.014    17357    17210     2    0    0    17048      147       97       97  13802.5  17351.8   2393.0    0     0   0.00  -1.000      0.0      0.0   0.0062
  252.113    15555    15419     2    0    0    17048      136       93       93  13836.1  17055.5   2393.0    0     0   0.00  -1.000      0.0      0.0   0.0059
  252.163    14698    14599     2    0    0    17048       99       69       69  13850.5  16644.7   2393.0    0     0   0.00  -1.000      0.0      0.0   0.0044
  252.248    14780    14681     1    1    3    17048       99       69       69  13870.9  16145.8   2393.0    0     0   0.00   0.185      0.0   -151.9   0.0044
  252.324    14751    14652     1    1    3    17048       99       69       69  13886.3  15815.1   2393.0    0     0   0.00   0.261      0.0   -151.9   0.0044
  252.408    14796    14697     1    1    3    17048       99       69       69  13900.7  15546.9   2393.0    0     0   0.00   0.345      0.0   -151.9   0.0044
  252.484    14788    14692     2    0    0    14690       96       66       66  13912.2  15370.3   2393.0    0     0   0.00  -1.000      0.0      0.0   0.0050
  252.564    14797    14702     2    0    0    14690       95       65       65  13923.0  15227.4   2393.0    0     0   0.00  -1.000      0.0      0.0   0.0049
  252.643    14825    14730     2    0    0    14690       95       64       64  13932.6  15125.6   2393.0    0     0   0.00  -1.000      0.0      0.0   0.0048
  252.724    14797    14702     2    0    0    14690       95       64       64  13941.8  15044.7   2393.0    0     0   0.00  -1.000      0.0      0.0   0.0048
  252.803    14793    14699     2    0    0    14690       94       64       64  13950.1  14984.3   2393.0    0     0   0.00  -1.000      0.0      0.0   0.0048
  252.884    14795    14701     2    0    0    14690       94       63       63  13958.2  14936.0   2393.0    0     0   0.00  -1.000      0.0      0.0   0.0047
  252.965    14797    14703     2    0    0    14690       94       63       63  13965.8  14900.3   2393.0    0     0   0.00  -1.000      0.0      0.0   0.0047
  253.044    14802    14708     2    0    0    14690       94       63       63  13973.1  14876.7   2393.0    0     0   0.00  -1.000      0.0      0.0   0.0047
  253.146    14808    14714     2    0    0    14690       94       63       63  13982.1  14854.5   2393.0    0     0   0.00  -1.000      0.0      0.0   0.0047
  253.213    14814    14720     2    0    0    14690       94       62       62  13987.9  14845.3   2393.0    0     0   0.00  -1.000      0.0      0.0   0.0046
  253.279    14766    14673     2    0    0    14690       93       62       62  13993.5  14832.0   2393.0    0     0   0.00  -1.000      0.0      0.0   0.0046
  253.364    14766    14673     2    0    0    14690       93       61       61  14000.4  14813.4   2393.0    0     0   0.00  -1.000      0.0      0.0   0.0046
  253.439    14789    14696     2    0    0    14690       93       61       61  14006.5  14807.0   2393.0    0     0   0.00  -1.000      0.0      0.0   0.0046
  253.519    14782    14690     2    0    0    14690       92       61       61  14012.9  14801.2   2393.0    0     0   0.00  -1.000      0.0      0.0   0.0046
  253.599    14824    14732     2    0    0    14690       92       61       61  14019.0  14782.0   2393.0    0     0   0.00  -1.000      0.0      0.0   0.0045
  253.696    14797    14705     2    0    0    14690       92       61       61  14026.4  14787.6   2393.0    0     0   0.00  -1.000      0.0      0.0   0.0046
  253.780    14800    14707     2    0    0    14690       93       61       61  14032.8  14788.2   2393.0    0     0   0.00  -1.000      0.0      0.0   0.0046
  253.839    14777    14684     2    0    0    14690       93       61       61  14037.2  14786.9   2393.0    0     0   0.00  -1.000      0.0      0.0   0.0046
  253.933    14788    14695     2    0    0    14690       93       61       61  14044.2  14786.5   2393.0    0     0   0.00  -1.000      0.0      0.0   0.0046
  254.003    14813    14720     2    0    0    14690       93       61       61  14049.5  14792.1   2393.0    0     0   0.00  -1.000      0.0      0.0   0.0046
  254.078    14794    14701     2    0    0    14690       93       61       61  14055.0  14792.4   2393.0    0     0   0.00  -1.000      0.0      0.0   0.0046
  254.159    14796    14702     2    0    0    14690       94       62       62  14061.0  14793.7   2393.0    0     0   0.00  -1.000      0.0      0.0   0.0046
  254.249    14821    14725     2    0    0    14690       96       64       64  14067.6  14798.9   2393.0    0     0   0.00  -1.000      0.0      0.0   0.0048
  254.319    14805    14707     2    0    0    14690       98       65       65  14072.7  14801.3   2393.0    0     0   0.00  -1.000      0.0      0.0   0.0049
  254.399    14804    14704     2    0    0    14690      100       67       67  14078.6  14802.3   2393.0    0     0   0.00  -1.000      0.0      0.0   0.0050
  254.474    14807    14705     2    0    0    14690      102       69       69  14084.0  14803.0   2393.0    0     0   0.00  -1.000      0.0      0.0   0.0052
  254.555    14797    14694     2    0    0    14690      103       70       70  14089.8  14802.3   2393.0    0     0   0.00  -1.000      0.0      0.0   0.0052
  254.634    14805    14700     2    0    0    14690      105       72       72  14095.4  14802.9   2393.0    0     0   0.00  -1.000      0.0      0.0   0.0054
  254.714    14806    14699     2    0    0    14690      107       73       73  14101.1  14803.9   2393.0    0     0   0.00  -1.000      0.0      0.0   0.0055
  254.799    14811    14702     2    0    0    14690      109       75       75  14107.0  14804.2   2393.0    0     0   0.00  -1.000      0.0      0.0   0.0056
  254.874    14797    14687     2    0    0    14690      110       76       76  14112.2  14803.3   2393.0    0     0   0.00  -1.000      0.0      0.0   0.0057
  254.954    14809    14697     2    0    0    14690      112       78       78  14117.8  14804.5   2393.0    0     0   0.00  -1.000      0.0      0.0   0.0058
  255.046    14804    14691     2    0    0    14690      113       79       79  14124.1  14805.5   2393.0    0     0   0.00  -1.000      0.0      0.0   0.0059
  255.113    14807    14694     2    0    0    14690      113       79       79  14128.6  14805.7   2393.0    0     0   0.00  -1.000      0.0      0.0   0.0059
  255.199    14807    14693     2    0    0    14690      114       80       80  14134.5  14806.8   2393.0    0     0   0.00  -1.000      0.0      0.0   0.0060
  255.284    14813    14698     2    0    0    14690      115       81       81  14140.2  14807.6   2393.0    0     0   0.00  -1.000      0.0      0.0   0.0061
  255.354    14810    14694     2    0    0    14690      116       82       82  14144.8  14807.9   2393.0    0     0   0.00  -1.000      0.0      0.0   0.0061
  255.433    14800    14684     2    0    0    14690      116       82       82  14150.0  14805.7   2393.0    0     0   0.00  -1.000      0.0      0.0   0.0061
  255.508    14817    14700     2    0    0    14690      117       83       83  14155.0  14806.8   2393.0    0     0   0.00  -1.000      0.0      0.0   0.0062
  255.588    14803    14685     2    0    0    14690      118       84       84  14160.2  14807.3   2393.0    0     0   0.00  -1.000      0.0      0.0   0.0063
  255.668    14707    14591     2    0    0    14690      116       83       83  14165.1  14770.4   2393.0    0     0   0.00  -1.000      0.0      0.0   0.0062
  255.780     2469     2474     2    0    0    14690       -5     -203     -203  14153.2  12002.0   2393.0    0     0   0.00  -1.000      0.0      0.0  -0.0152
  255.846     2491     2497     1    1    3    14690       -6     -203     -203  14128.4   9996.2   2393.0    0     0   0.00   0.133      0.0     -2.2  -0.0152
  255.914     2562     2568     1    1    3    14690       -6     -203     -203  14091.3   8385.4   2393.0    0     0   0.00   0.201      0.0     -2.2  -0.0152
  255.989     2647     2653     1    1    3    14690       -6     -203     -203  14040.8   7038.4   2393.0    0     0   0.00   0.276      0.0     -2.2  -0.0152
  256.069     2657     2663     1    1    3    14690       -6     -203     -203  13978.3   5952.4   2393.0    0     0   0.00   0.356      0.0     -2.2  -0.0152
  256.149     2650     2653     2    0    0     2885       -3      -95      -95  13909.1   5134.4   2393.0    0     0   0.00  -1.000      0.0      0.0  -0.0500
  256.229     2584     2586     2    0    0     2885       -2      -95      -95  13835.3   4508.5   2393.0    0     1   0.08  -1.000      0.0      0.0  -0.0500
  256.309     2546     2548     2    0    0     2885       -2      -95      -95  13757.9   4023.0   2393.0    0     1   0.16  -1.000      0.0      0.0  -0.0500
  256.391     2571     2573     2    0    0     2885       -2      -95      -95  13675.9   3653.2   2393.0    0     1   0.24  -1.000      0.0      0.0  -0.0500
  256.464     2564     2564     0    0    0     2885        0        0        0  13601.5   3405.3   2393.0    1     1   0.31  -1.000      0.0      0.0   0.0000
  256.544     2563     2563     0    0    0     2885        0        0        0  13518.8   3195.6   2393.0    1     1   0.39  -1.000      0.0      0.0   0.0000
  256.646     2552     2552     0    0    0     2885        0        0        0  13412.2   2996.1   2393.0    1     1   0.50  -1.000      0.0      0.0   0.0000
  256.704     2559     2559     0    0    0     2885        0        0        0  13351.4   2915.1   2393.0    1     1   0.55  -1.000      0.0      0.0   0.0000
  256.784     2564     2564     0    0    0     2885        0        0        0  13267.6   2826.6   2393.0    1     1   0.63  -1.000      0.0      0.0   0.0000
  256.864     2557     2557     0    0    0     2885        0        0        0  13183.8   2759.4   2393.0    1     1   0.71  -1.000      0.0      0.0   0.0000
  256.944     2550     2550     0    0    0     2885        0        0        0  13100.3   2707.0   2393.0    1     1   0.79  -1.000      0.0      0.0   0.0000
  257.024     2545     2545     0    0    0     2885        0        0        0  13017.0   2667.3   2393.0    1     1   0.87  -1.000      0.0      0.0   0.0000
  257.103     2551     2551     0    0    0     2885        0        0        0  12935.2   2637.9   2393.0    1     1   0.95  -1.000      0.0      0.0   0.0000
  257.188     2523     2523     0    0    0     2885        0        0        0  12847.7   2609.3   2393.0    1     1   1.04  -1.000      0.0      0.0   0.0000
  257.263     2530     2530     0    0    0     2885        0        0        0  12770.9   2589.9   2393.0    1     1   1.11  -1.000      0.0      0.0   0.0000
  257.349     2539     2539     0    0    0     2885        0        0        0  12683.5   2575.4   2393.0    1     1   1.20  -1.000      0.0      0.0   0.0000
  257.434     2542     2542     0    0    0     2885        0        0        0  12597.7   2565.8   2393.0    1     1   1.28  -1.000      0.0      0.0   0.0000
  257.504     2559     2559     0    0    0     2885        0        0        0  12527.6   2564.3   2393.0    1     1   1.35  -1.000      0.0      0.0   0.0000
  257.584     2557     2557     0    0    0     2885        0        0        0  12448.0   2563.1   2393.0    1     1   1.43  -1.000      0.0      0.0   0.0000
  257.664     2555     2555     0    0    0     2885        0        0        0  12369.1   2561.1   2393.0    1     1   1.51  -1.000      0.0      0.0   0.0000
  257.739     2566     2566     0    0    0     2885        0        0        0  12295.7   2562.6   2393.0    1     1   1.59  -1.000      0.0      0.0   0.0000
  257.819     2564     2564     0    0    0     2885        0        0        0  12218.0   2563.9   2393.0    1     1   1.67  -1.000      0.0      0.0   0.0000
  257.914     2557     2557     0    0    0     2885        0        0        0  12126.5   2562.3   2393.0    1     1   1.76  -1.000      0.0      0.0   0.0000
  257.989     2551     2551     0    0    0     2885        0        0        0  12054.8   2559.5   2393.0    1     1   1.84  -1.000      0.0      0.0   0.0000

窗口内 state 变化点（state/ev_valid/ev_kind/idle_now/valley_now 任一变化）：
  t=  245.239 state=    0 ev_valid=   0 ev_kind=   0 idle=   1 valley=   1 tin=   2557 out=   2557 ded=       0 A=    1626 levelref= 11170.6 min_ts=  2393.0 max_ts=  17949.7
  t=  245.273 state=    0 ev_valid=   0 ev_kind=   0 idle=   0 valley=   1 tin=  13793 out=  13793 ded=       0 A=    1626 levelref= 11145.6 min_ts=  2393.0 max_ts=  17949.7
  t=  245.314 state=    1 ev_valid=   1 ev_kind=   0 idle=   0 valley=   0 tin=  14109 out=  14109 ded=       0 A=    1626 levelref= 11121.2 min_ts=  2393.0 max_ts=  17949.7
  t=  248.784 state=    2 ev_valid=   0 ev_kind=   0 idle=   0 valley=   0 tin=  17007 out=  17048 ded=     -41 A=   17048 levelref= 12495.9 min_ts=  2393.0 max_ts=  17949.7
  t=  252.164 state=    1 ev_valid=   1 ev_kind=   3 idle=   0 valley=   0 tin=  14478 out=  14379 ded=      99 A=   17048 levelref= 13850.8 min_ts=  2393.0 max_ts=  17949.7
  t=  252.484 state=    2 ev_valid=   0 ev_kind=   0 idle=   0 valley=   0 tin=  14788 out=  14692 ded=      96 A=   14690 levelref= 13912.2 min_ts=  2393.0 max_ts=  17949.7
  t=  255.799 state=    1 ev_valid=   1 ev_kind=   3 idle=   0 valley=   0 tin=   2346 out=   2351 ded=      -5 A=   14690 levelref= 14147.9 min_ts=  2393.0 max_ts=  17949.7
  t=  256.114 state=    2 ev_valid=   0 ev_kind=   0 idle=   0 valley=   0 tin=   2678 out=   2681 ded=      -3 A=    2885 levelref= 13939.9 min_ts=  2393.0 max_ts=  17949.7
  t=  256.189 state=    2 ev_valid=   0 ev_kind=   0 idle=   0 valley=   1 tin=   2653 out=   2656 ded=      -3 A=    2885 levelref= 13872.8 min_ts=  2393.0 max_ts=  17949.7
  t=  256.424 state=    0 ev_valid=   0 ev_kind=   0 idle=   1 valley=   1 tin=   2576 out=   2576 ded=       0 A=    2885 levelref= 13642.4 min_ts=  2393.0 max_ts=  17949.7
