数据集 D:\workshop\Processing\multi-device-cascade-host-cpp\temp\算法数据&原始数据\working\零基线-反复增减同一负载\20260919_152749_single_device_0cb8b6
帧 34460  时长 343.0 s  采样 100.46 Hz  通道 21
params: {'clamp_alpha': 0.005, 'g_neg_floor': -0.05, 'ho_min_s': 3.5, 'kappa_onset': 1.05, 'kappa_restep': 1.12, 'legacy_fixes_enabled': 0, 'param_set': 'plan-v3.0 PCT', 'pct_elig_frac': 0.02, 'pct_hi_frac': 4, 'pct_mono': 0, 'pct_tau_s': 10, 'revoke_hold_n': 3, 'valley_win_n': 4000}

总量：pre min 1957 max 18642 | main min 1095 max 17491 | raw==pre? True

平台段切分（基于 pre 总量，滞回 25%/75%）共 8 段：
#   kind          t0       t1     dur       pre首       pre末      algo首      algo末         补末
0   idle        0.03    14.22   14.19       2604      13377       2604      12410       -947
1   loaded     14.26   288.55  274.29      15923      17497      15035      14565      -2938
2   idle      288.58   292.64    4.06       2600       2573       2520       2573          0
3   loaded    292.70   303.69   10.99      16224      15096      16303      14994       -101
4   idle      303.69   309.62    5.93       2606      14335       2609      14250        -84
5   loaded    309.62   318.09    8.47      14524      17835      14243      17448       -386
6   idle      318.09   324.34    6.25       2665       2622       2666       2622          0
7   loaded    324.38   343.03   18.65      16014      17442      16092      16773       -668

=== 5 s 桶轨迹（总量口径）===
      t       pre      main    offset ded_pre(%)
    0.0      2602      2602         0
    5.1     12298     12120      -159
   10.1     13078     12310      -761
   15.1     16276     15324      -949
   20.1     16513     15157     -1354
   25.2     14456     12998     -1451
   30.2     14528     12978     -1549
   35.2     16886     15366     -1504
   40.2     16973     14920     -1688
   45.3     14922     12775     -2142
   50.3     17032     14896     -2092
   55.3     17114     14454     -2668
   60.3     15083     12723     -2369
   65.3     15108     12685     -2425
   70.3     17018     14653     -2385
   75.4     17223     14414     -2810
   80.4     15264     12579     -2875
   85.4     17227     14058     -3172
   90.4     17300     14191     -3122
   95.5     17328     14144     -3148
  100.5     16675     13988     -2811
  105.5     17281     14465     -2813
  110.5     17319     14390     -2929
  115.5     15357     12653     -2703
  120.5     17188     14588     -2635
  125.6     17311     14490     -2821
  130.6     17367     14462     -2906
  135.6     17396     14491     -2903
  140.6     17413     14533     -2882
  145.6     17436     14570     -2864
  150.7     17457     14589     -2865
  155.7     17482     14588     -2892
  160.7     17503     14601     -2899
  165.7     17532     14608     -2922
  170.7     17551     14612     -2937
  175.7     17568     14616     -2951
  180.8     17580     14616     -2963
  185.8     17590     14605     -2981
  190.8     17594     14583     -3008
  195.8     17602     14578     -3024
  200.8     17610     14588     -3021
  205.8     17617     14604     -3012
  210.9     17627     14625     -3002
  215.9     17638     14639     -2999
  220.9     17646     14637     -3011
  226.0     17658     14639     -3020
  231.0     17659     14626     -3031
  236.0     17658     14615     -3043
  241.0     17664     14619     -3046
  246.0     17668     14627     -3040
  251.0     17671     14629     -3042
  256.1     17678     14632     -3046
  261.1     17682     14631     -3052
  266.1     17684     14619     -3063
  271.1     15530     12709     -2873
  276.1     15534     12586     -2948
  281.1     15557     12538     -3023
  286.2      2646      2604     -1260
  291.2     16614     16695        72
  296.2     17438     17370       -73
  301.2      2798      2768       -38
  306.2     14261     14237       -14
  311.2     17616     17425      -219
  316.3      2688      2690         0
  321.3      2645      2645         0
  326.3     17066     17059       -40
  331.3      6605      6621        19
  336.4     14592     13963      -605
  341.4     17414     16750      -668
