数据集 D:\workshop\Processing\multi-device-cascade-host-cpp\temp\算法数据&原始数据\working\零基线-反复增减同一负载\20260919_160854_single_device_7b3977

=== 臂 现场录制(plan-v3.0首版) ===
    加载沿t       +5s      +10s      +20s      +40s      +60s      +90s     +120s
    3.34       721      1098      1243      1437      1646      2171      2266
   15.18      1120      1312      1603      1809      1985      2213      2282
   41.75      1581      1775      1891      2103      2197      2287      2321
   63.41      2016      1953      2110      2212      2266      2308      2356
  232.23      2294         0       108       134       -85       nan       nan
  245.31        79        -1       -29       -60       -19       nan       nan
  258.34       -64        17       -82         0       nan       nan       nan
  261.72       -12       121       -65       -64       nan       nan       nan
  278.63       -62       -82         0       nan       nan       nan       nan
  289.33       -85         0       -58       nan       nan       nan       nan
  300.61        -8       nan       nan       nan       nan       nan       nan
  303.42       -61       nan       nan       nan       nan       nan       nan
  受载平台稳态补偿中位（段长≥20 s）:
    t=[   15.1,  240.0] dur 224.9 s  ded   2232  (12.6% of in)

=== 臂 cur ===
    加载沿t       +5s      +10s      +20s      +40s      +60s      +90s     +120s
    3.34       973      1246      1573      1502      1652      2187      2264
   15.18      1424      1603      1727      1905      2094      2211      2265
   41.75      1761      1893      1894      2180      2202      2263      2344
   63.41      2034      2079      2190      2208      2265      2306      2383
  232.23      2310         0       106        87       -85       nan       nan
  245.31        78        -1       -74       -60       -20       nan       nan
  258.34       -79       -29       -82         0       nan       nan       nan
  261.72       -58        73       -65       -64       nan       nan       nan
  278.63       -62       -82         0       nan       nan       nan       nan
  289.33       -85         0       -58       nan       nan       nan       nan
  300.61        -9       nan       nan       nan       nan       nan       nan
  303.42       -60       nan       nan       nan       nan       nan       nan
  受载平台稳态补偿中位（段长≥20 s）:
    t=[   15.1,  240.0] dur 224.9 s  ded   2241  (12.7% of in)

=== 臂 anchor_base ===
    加载沿t       +5s      +10s      +20s      +40s      +60s      +90s     +120s
    3.34       972      1246        98       114       -46       273       382
   15.18       243       115       297       191        17       307       389
   41.75        72       157       205       201       287       395       472
   63.41       -30       -18       221       303       382       423       458
  232.23        93         0       127       166       -85       nan       nan
  245.31        95        -1       -47       -61       -17       nan       nan
  258.34       -79        27       -82         0       nan       nan       nan
  261.72       -14       149       -65       -64       nan       nan       nan
  278.63       -62       -83         0       nan       nan       nan       nan
  289.33       -88         0       -43       nan       nan       nan       nan
  300.61        -4       nan       nan       nan       nan       nan       nan
  303.42       -46       nan       nan       nan       nan       nan       nan
  受载平台稳态补偿中位（段长≥20 s）:
    t=[   15.1,  240.0] dur 224.9 s  ded    340  (1.9% of in)

=== 臂 anchor_base_nocap ===
    加载沿t       +5s      +10s      +20s      +40s      +60s      +90s     +120s
    3.34       259       508       177       316       -36       379       494
   15.18       198       216       480       252       132       400       485
   41.75       242       221       217       310       388       488       525
   63.41        70        97       327       397       495       508       566
  232.23       227         0       156       208       -85       nan       nan
  245.31       118        -1       -30       -61       -18       nan       nan
  258.34       -79        66       -82         0       nan       nan       nan
  261.72        13       193       -65       -64       nan       nan       nan
  278.63       -62       -82         0       nan       nan       nan       nan
  289.33       -88         0       -53       nan       nan       nan       nan
  300.61        -7       nan       nan       nan       nan       nan       nan
  303.42       -56       nan       nan       nan       nan       nan       nan
  受载平台稳态补偿中位（段长≥20 s）:
    t=[   15.1,  240.0] dur 224.9 s  ded    436  (2.5% of in)

=== 臂 anchor_obs ===
    加载沿t       +5s      +10s      +20s      +40s      +60s      +90s     +120s
    3.34       185       411       127       222         4       361       452
   15.18       140       171       395       209       107       372       475
   41.75       165       175       257       283       376       480       522
   63.41        72        71       318       364       452       511       560
  232.23       190         0       149       176       -79       nan       nan
  245.31       112        -1       -33       -58       -23       nan       nan
  258.34       -79        44       -82         0       nan       nan       nan
  261.72         2       161       -65       -64       nan       nan       nan
  278.63       -62       -82         0       nan       nan       nan       nan
  289.33       -49         0       -74       nan       nan       nan       nan
  300.61       -15       nan       nan       nan       nan       nan       nan
  303.42       -74       nan       nan       nan       nan       nan       nan
  受载平台稳态补偿中位（段长≥20 s）:
    t=[   15.1,  240.0] dur 224.9 s  ded    427  (2.4% of in)

=== 判据汇总：每次加载后 [20,40] s 的补偿量（ded = 输入 − 显示）===
臂                              3.3      15.2      41.8      63.4     232.2     245.3     258.3     261.7     278.6     289.3     300.6     303.4
现场录制(plan-v3.0首版)             1409      1564      1884      2163       -83       -39       -51       -52       -64         -         -         -
cur                           1621      1685      1986      2195       -84       -78       -51       -52       -64         -         -         -
anchor_base                    179       128       -44       273       -84       -52       -53       -53       -52         -         -         -
anchor_base_nocap              298       349        67       373       -84       -30       -53       -48       -56         -         -         -
anchor_obs                     252       252        53       374       -84       -38       -49       -46       -75         -         -         -

（首列 3.34 = 首次 onset；245.31 起为「完全卸载后重载」——与首列同量级才叫基线保持）
