窗口 [248.5, 256.0] 共 756 帧（每 12 帧打印一行）
        t   sum_in  sum_out    st   ev   kd    A_sum comp_tot  ded_unc  ded_cap levelref   tssmoo   min_ts  idl  vlly  vlrun     tau    A_hat   c_appl        g
  248.515    16971    17046     1    1    0     1626      -75        0        0  12374.2  16932.6   2393.0    0     0   0.00   3.276  14459.5     77.1   0.0000
  248.646    16971    17046     1    1    0     1626      -75        0        0  12433.8  16948.0   2393.0    0     0   0.00   3.407  14459.5     77.1   0.0000
  248.738    17000    17048     1    1    0     1626      -48        0        0  12475.2  16959.9   2393.0    0     0   0.00   3.499  14459.5     48.1   0.0000
  248.882    17008    17048     2    0    0    17048      -40      -40      -40  12539.7  16979.6   2393.0    0     0   0.00  -1.000      0.0      0.0  -0.0026
  248.996    17035    17074     2    0    0    17048      -39      -40      -40  12590.3  16996.0   2393.0    0     0   0.00  -1.000      0.0      0.0  -0.0025
  249.113    17062    17100     2    0    0    17048      -38      -39      -39  12641.8  17013.7   2393.0    0     0   0.00  -1.000      0.0      0.0  -0.0025
  249.246    17065    17101     2    0    0    17048      -36      -38      -38  12699.8  17032.9   2393.0    0     0   0.00  -1.000      0.0      0.0  -0.0024
  249.365    17074    17108     2    0    0    17048      -34      -36      -36  12751.3  17047.6   2393.0    0     0   0.00  -1.000      0.0      0.0  -0.0023
  249.480    17112    17143     2    0    0    17048      -31      -34      -34  12800.7  17065.9   2393.0    0     0   0.00  -1.000      0.0      0.0  -0.0022
  249.596    17135    17161     2    0    0    17048      -26      -30      -30  12850.1  17086.1   2393.0    0     0   0.00  -1.000      0.0      0.0  -0.0020
  249.713    17146    17168     2    0    0    17048      -22      -27      -27  12899.7  17108.2   2393.0    0     0   0.00  -1.000      0.0      0.0  -0.0018
  249.830    17218    17234     2    0    0    17048      -16      -23      -23  12948.9  17134.4   2393.0    0     0   0.00  -1.000      0.0      0.0  -0.0015
  249.963    17255    17263     2    0    0    17048       -8      -18      -18  13004.7  17175.5   2393.0    0     0   0.00  -1.000      0.0      0.0  -0.0012
  250.053    17262    17264     2    0    0    17048       -2      -14      -14  13042.3  17200.3   2393.0    0     0   0.00  -1.000      0.0      0.0  -0.0009
  250.184    17277    17270     2    0    0    17048        7       -8       -8  13096.8  17229.2   2393.0    0     0   0.00  -1.000      0.0      0.0  -0.0005
  250.313    17291    17274     2    0    0    17048       17       -1       -1  13150.1  17250.2   2393.0    0     0   0.00  -1.000      0.0      0.0  -0.0000
  250.413    17288    17263     2    0    0    17048       25        5        5  13191.0  17262.1   2393.0    0     0   0.00  -1.000      0.0      0.0   0.0003
  250.546    17304    17268     2    0    0    17048       36       13       13  13245.1  17275.1   2393.0    0     0   0.00  -1.000      0.0      0.0   0.0008
  250.654    17304    17259     2    0    0    17048       45       20       20  13288.5  17283.3   2393.0    0     0   0.00  -1.000      0.0      0.0   0.0013
  250.797    17307    17250     2    0    0    17048       57       29       29  13345.4  17292.1   2393.0    0     0   0.00  -1.000      0.0      0.0   0.0019
  250.913    17317    17250     2    0    0    17048       67       36       36  13391.1  17299.9   2393.0    0     0   0.00  -1.000      0.0      0.0   0.0023
  251.030    17315    17238     2    0    0    17048       77       44       44  13436.7  17305.4   2393.0    0     0   0.00  -1.000      0.0      0.0   0.0028
  251.148    17326    17240     2    0    0    17048       86       51       51  13482.2  17310.9   2393.0    0     0   0.00  -1.000      0.0      0.0   0.0033
  251.263    17336    17241     2    0    0    17048       95       58       58  13526.2  17319.1   2393.0    0     0   0.00  -1.000      0.0      0.0   0.0037
  251.369    17346    17243     2    0    0    17048      103       64       64  13566.3  17325.6   2393.0    0     0   0.00  -1.000      0.0      0.0   0.0041
  251.489    17342    17230     2    0    0    17048      112       70       70  13611.3  17331.0   2393.0    0     0   0.00  -1.000      0.0      0.0   0.0045
  251.609    17347    17226     2    0    0    17048      121       77       77  13655.8  17337.8   2393.0    0     0   0.00  -1.000      0.0      0.0   0.0049
  251.729    17347    17218     2    0    0    17048      129       84       84  13699.8  17342.0   2393.0    0     0   0.00  -1.000      0.0      0.0   0.0053
  251.863    17362    17224     2    0    0    17048      138       91       91  13748.4  17346.3   2393.0    0     0   0.00  -1.000      0.0      0.0   0.0058
  251.969    17357    17212     2    0    0    17048      145       95       95  13786.5  17350.9   2393.0    0     0   0.00  -1.000      0.0      0.0   0.0061
  252.113    15555    15419     2    0    0    17048      136       93       93  13836.1  17055.5   2393.0    0     0   0.00  -1.000      0.0      0.0   0.0059
  252.214    14735    14636     1    1    3    17048       99       69       69  13863.2  16320.4   2393.0    0     0   0.00   0.151      0.0   -151.9   0.0044
  252.324    14751    14652     1    1    3    17048       99       69       69  13886.3  15815.1   2393.0    0     0   0.00   0.261      0.0   -151.9   0.0044
  252.443    14817    14718     1    1    3    17048       99       69       69  13906.2  15462.0   2393.0    0     0   0.00   0.380      0.0   -151.9   0.0044
  252.564    14797    14702     2    0    0    14690       95       65       65  13923.0  15227.4   2393.0    0     0   0.00  -1.000      0.0      0.0   0.0049
  252.688    14810    14715     2    0    0    14690       95       64       64  13937.8  15078.5   2393.0    0     0   0.00  -1.000      0.0      0.0   0.0048
  252.803    14793    14699     2    0    0    14690       94       64       64  13950.1  14984.3   2393.0    0     0   0.00  -1.000      0.0      0.0   0.0048
  252.924    14791    14697     2    0    0    14690       94       63       63  13962.0  14916.7   2393.0    0     0   0.00  -1.000      0.0      0.0   0.0047
  253.044    14802    14708     2    0    0    14690       94       63       63  13973.1  14876.7   2393.0    0     0   0.00  -1.000      0.0      0.0   0.0047
  253.180    14807    14713     2    0    0    14690       94       62       62  13985.0  14849.1   2393.0    0     0   0.00  -1.000      0.0      0.0   0.0047
  253.279    14766    14673     2    0    0    14690       93       62       62  13993.5  14832.0   2393.0    0     0   0.00  -1.000      0.0      0.0   0.0046
  253.399    14782    14689     2    0    0    14690       93       61       61  14003.3  14809.7   2393.0    0     0   0.00  -1.000      0.0      0.0   0.0046
  253.519    14782    14690     2    0    0    14690       92       61       61  14012.9  14801.2   2393.0    0     0   0.00  -1.000      0.0      0.0   0.0046
  253.648    14805    14712     2    0    0    14690       93       61       61  14022.7  14785.8   2393.0    0     0   0.00  -1.000      0.0      0.0   0.0046
  253.780    14800    14707     2    0    0    14690       93       61       61  14032.8  14788.2   2393.0    0     0   0.00  -1.000      0.0      0.0   0.0046
  253.884    14782    14689     2    0    0    14690       93       61       61  14040.6  14786.2   2393.0    0     0   0.00  -1.000      0.0      0.0   0.0046
  254.003    14813    14720     2    0    0    14690       93       61       61  14049.5  14792.1   2393.0    0     0   0.00  -1.000      0.0      0.0   0.0046
  254.118    14800    14706     2    0    0    14690       94       62       62  14058.0  14793.4   2393.0    0     0   0.00  -1.000      0.0      0.0   0.0046
  254.249    14821    14725     2    0    0    14690       96       64       64  14067.6  14798.9   2393.0    0     0   0.00  -1.000      0.0      0.0   0.0048
  254.354    14807    14708     2    0    0    14690       99       66       66  14075.3  14802.0   2393.0    0     0   0.00  -1.000      0.0      0.0   0.0049
  254.474    14807    14705     2    0    0    14690      102       69       69  14084.0  14803.0   2393.0    0     0   0.00  -1.000      0.0      0.0   0.0052
  254.594    14805    14701     2    0    0    14690      104       71       71  14092.6  14802.6   2393.0    0     0   0.00  -1.000      0.0      0.0   0.0053
  254.714    14806    14699     2    0    0    14690      107       73       73  14101.1  14803.9   2393.0    0     0   0.00  -1.000      0.0      0.0   0.0055
  254.834    14805    14696     2    0    0    14690      109       76       76  14109.5  14804.3   2393.0    0     0   0.00  -1.000      0.0      0.0   0.0057
  254.954    14809    14697     2    0    0    14690      112       78       78  14117.8  14804.5   2393.0    0     0   0.00  -1.000      0.0      0.0   0.0058
  255.074    14806    14693     2    0    0    14690      113       79       79  14126.0  14805.6   2393.0    0     0   0.00  -1.000      0.0      0.0   0.0059
  255.199    14807    14693     2    0    0    14690      114       80       80  14134.5  14806.8   2393.0    0     0   0.00  -1.000      0.0      0.0   0.0060
  255.322    14808    14692     2    0    0    14690      116       81       81  14142.7  14807.6   2393.0    0     0   0.00  -1.000      0.0      0.0   0.0061
  255.433    14800    14684     2    0    0    14690      116       82       82  14150.0  14805.7   2393.0    0     0   0.00  -1.000      0.0      0.0   0.0061
  255.548    14815    14697     2    0    0    14690      118       84       84  14157.6  14807.9   2393.0    0     0   0.00  -1.000      0.0      0.0   0.0063
  255.668    14707    14591     2    0    0    14690      116       83       83  14165.1  14770.4   2393.0    0     0   0.00  -1.000      0.0      0.0   0.0062
  255.799     2346     2351     1    1    3    14690       -5     -203     -203  14147.9  11390.4   2393.0    0     0   0.00   0.086      0.0     -2.2  -0.0152
  255.914     2562     2568     1    1    3    14690       -6     -203     -203  14091.3   8385.4   2393.0    0     0   0.00   0.201      0.0     -2.2  -0.0152

窗口内 state 变化点（state/ev_valid/ev_kind/idle_now/valley_now 任一变化）：
  t=  248.515 state=    1 ev_valid=   1 ev_kind=   0 idle=   0 valley=   0 tin=  16971 out=  17046 ded=     -75 A=    1626 levelref= 12374.2 min_ts=  2393.0 max_ts=  17949.7
  t=  248.784 state=    2 ev_valid=   0 ev_kind=   0 idle=   0 valley=   0 tin=  17007 out=  17048 ded=     -41 A=   17048 levelref= 12495.9 min_ts=  2393.0 max_ts=  17949.7
  t=  252.164 state=    1 ev_valid=   1 ev_kind=   3 idle=   0 valley=   0 tin=  14478 out=  14379 ded=      99 A=   17048 levelref= 13850.8 min_ts=  2393.0 max_ts=  17949.7
  t=  252.484 state=    2 ev_valid=   0 ev_kind=   0 idle=   0 valley=   0 tin=  14788 out=  14692 ded=      96 A=   14690 levelref= 13912.2 min_ts=  2393.0 max_ts=  17949.7
  t=  255.799 state=    1 ev_valid=   1 ev_kind=   3 idle=   0 valley=   0 tin=   2346 out=   2351 ded=      -5 A=   14690 levelref= 14147.9 min_ts=  2393.0 max_ts=  17949.7
