数据集 D:\workshop\Processing\multi-device-cascade-host-cpp\temp\算法数据&原始数据\working\零基线-反复增减同一负载\20260919_160854_single_device_7b3977
帧 31306  时长 311.8 s  通道 21
params {'clamp_alpha': 0.005, 'g_neg_floor': -0.05, 'ho_min_s': 3.5, 'kappa_onset': 1.05, 'kappa_restep': 1.12, 'legacy_fixes_enabled': 0, 'param_set': 'plan-v3.0 PCT', 'pct_elig_frac': 0.02, 'pct_hi_frac': 4, 'pct_mono': 0, 'pct_tau_s': 10, 'revoke_hold_n': 3, 'valley_win_n': 4000}
基准电平（pre 2% 分位）2573
复算 vs 录制显示 main 一致性：max|Δ| 2484.127  中位|Δ| 22.419  相同帧比例 0.0510
runner meta {'clamp_hits': 96632.0, 'shape_hits': 3818.0, 'n_valley_exit': 0.0, 'n_reanchor_idle': 0.0, 'n_g_floor': 32.0, 'n_g_valley_reset': 0.0, 'in_event': 0.0, 'in_slow': 1.0, 'g': -0.00631145}

空载基线参考（2% 分位）：pre 2573  main 2570  raw 2573

=== 沿表（|1.2 s 变化| > 900 ADC，共 23 个）===
       t   向      tin前      tin后       Δin     main前     main后     Δmain         G
    3.34  UP      2416     12712     10296      2416     12183      9768     0.949
   15.18  UP     13418     16598      3180     12337     15604      3267     1.028
   36.99  DN     16962     14484     -2478     15371     12938     -2433     0.982
   41.75  UP     14473     17354      2882     12951     15805      2854     0.990
   56.94  DN     17557     14659     -2898     15743     12826     -2917     1.007
   63.41  UP     14659     17275      2616     12787     15155      2368     0.905
  216.66  DN     17855     15174     -2681     15471     12843     -2628     0.980
  232.23  UP     15203     17544      2342     12753     15415      2662     1.137
  240.11  DN     17616      2596    -15020     15281      2596    -12685     0.845
  245.31  UP      2596     17068     14472      2596     17105     14509     1.002
  252.15  DN     17298      2574    -14724     17244      2575    -14669     0.996
  255.67  DN     14796     13476     -1320     14681     13541     -1141     0.865
  258.34  UP      2561     17074     14513      2562     17157     14596     1.006
  261.72  UP     13684     17428      3744     13749     17461      3712     0.991
  275.75  DN     17713     16986      -728     17552     17068      -483     0.664
  278.63  UP      2640     14340     11700      2632     14406     11774     1.006
  282.30  DN     17191     14382     -2809     17275     14442     -2833     1.009
  289.33  UP     14437     17690      3253     14491     17775      3284     1.009
  295.46  DN     17698      2604    -15093     17783      2604    -15178     1.006
  297.41  DN     14705     13571     -1134     14773     13637     -1136     1.002
  300.61  UP      2598     17274     14676      2601     17343     14742     1.004
  303.42  UP     13833     17397      3564     13900     17388      3488     0.979
  307.96  DN     17381     15055     -2326     17394     15120     -2274     0.978

=== 每 5 s 的 1 s 桶中位轨迹（tin/main/replay/raw）===
       t        tin      tmain    treplay       traw     idle    state      ded    A_sum
     0.0       2406       2406       2406       2406        1        0        0        0
     5.0      12325      12076      12074      12325        0        1      238        0
    10.0      13250      12409      12168      13250        0        2     1080    12068
    15.0      16170      15134      15006      16170        0        1     1210    12068
    20.0      16648      15569      15331      16648        0        2     1320    15348
    25.0      16794      15504      15201      16794        0        2     1591    15348
    30.0      16864      15450      15260      16864        0        2     1602    15348
    35.0      16960      15366      15230      16960        0        2     1729    15348
    40.0      14472      12937      12909      14472        0        2     1569    12774
    45.0      17336      15766      15633      17336        0        2     1716    15777
    50.0      17510      15789      15663      17510        0        2     1851    15777
    55.0      17560      15745      15672      17560        0        2     1887    15777
    60.0      14668      12852      12834      14668        0        2     1833    12819
    65.0      17215      15455      15445      17215        0        1     1765    12819
    70.0      17315      15334      15268      17315        0        2     2049    15442
    75.0      17448      15477      15354      17448        0        2     2095    15442
    80.0      17576      15513      15425      17576        0        2     2150    15442
    85.0      17626      15509      15432      17626        0        2     2194    15442
    90.0      17618      15468      15418      17618        0        2     2200    15442
    95.0      17635      15465      15447      17635        0        2     2189    15442
   100.0      17658      15463      15449      17658        0        2     2209    15442
   105.0      17667      15453      15448      17667        0        2     2218    15442
   110.0      17692      15457      15458      17692        0        2     2234    15442
   115.0      17700      15445      15456      17700        0        2     2243    15442
   120.0      17708      15444      15449      17708        0        2     2259    15442
   125.0      17715      15448      15446      17715        0        2     2269    15442
   130.0      17723      15439      15456      17723        0        2     2265    15442
   135.0      17727      15444      15460      17727        0        2     2267    15442
   140.0      17733      15445      15459      17733        0        2     2274    15442
   145.0      17750      15441      15458      17750        0        2     2291    15442
   150.0      17758      15454      15459      17758        0        2     2299    15442
   155.0      17768      15465      15456      17768        0        2     2312    15442
   160.0      17785      15478      15454      17785        0        2     2332    15442
   165.0      17790      15458      15422      17790        0        2     2370    15442
   170.0      17801      15454      15402      17801        0        2     2398    15442
   175.0      17809      15468      15427      17809        0        2     2382    15442
   180.0      17808      15464      15427      17808        0        2     2382    15442
   185.0      17816      15464      15428      17816        0        2     2388    15442
   190.0      17815      15458      15433      17815        0        2     2383    15442
   195.0      17836      15425      15456      17836        0        2     2381    15442
   200.0      17826      15374      15443      17826        0        2     2383    15442
   205.0      17842      15419      15463      17842        0        2     2379    15442
   210.0      17850      15459      15458      17850        0        2     2392    15442
   215.0      17852      15476      15449      17852        0        2     2404    15442
   220.0      15176      12849      12951      15176        0        2     2227    12730
   225.0      15182      12757      12886      15182        0        2     2294    12730
   230.0      15204      12756      12834      15204        0        2     2373    12730
   235.0      17530      15177      15242      17530        0        1     2278    12730
   240.0       2896       2572       2646       2896        0        1      116     1626
   245.0      15424      15425      15425      15424        0        1       -1     1626
   250.0      17288      17251      17252      17288        0        2       32    17048
   255.0      14782      14651      14667      14782        0        2      115    14690
   260.0      13728      13794      13794      13728        0        1      -66     2885
   265.0      17420      17457      17500      17420        0        2      -81    17516
   270.0      17622      17575      17625      17622        0        2       -3    17516
   275.0      17726      17546      17591      17726        0        2      133    17516
   280.0      17190      17274      17274      17190        0        1      -84     2922
   285.0      14368      14429      14429      14368        0        2      -61    14641
   290.0      17540      17624      17624      17540        0        1      -84    14641
   295.0      14900      14968      14968      14900        0        2      -69    17910
   300.0       2907       2907       2907       2907        1        0        0     3385
   305.0      17344      17386      17387      17344        0        1      -41     3385
   310.0      15040      15101      15114      15040        0        2      -73    15323
