plan-v3.1 离线 A/B：19 条录制 × 5 臂（修复前 vs 修复后）

── 臂 v2.0基线 ──
数据集                                 保压偏离     偏离p95      后段残漂      早段残漂      G中位     卸载Gd     卸载回跳     越界
A|archived/从零基线开始 - 恒定负载 - 反复加减同一个负载/20260919_100351_single_device_f9740b    0.1232    0.2485    0.0081    0.0625    1.006    1.004       -1      0
A|archived/各种奇怪工况/20260919_134056_single_device_f40a1b    0.2313    0.3964   -0.0881   -0.2794    0.747    1.004        6      0
A|archived/恒定负载下反复加减同一个负载/20260919_092417_single_device_602c03    0.3586    0.7410   -0.0204   -0.3152    1.000    1.000        0      0
A|archived/持续恒定负载                 0.0306    0.0348    0.0030    0.0344      nan      nan      nan      0
A|archived/零基线-反复增减同一负载/20260919_152749_single_device_0cb8b6    0.2196    0.7069    0.3555   -0.1105    0.989    0.981      451      0
A|archived/零负载-随机切换工况/20260919_134726_single_device_31b7f9    0.2957    1.0177   -0.0105   -0.3347    0.848    0.978       49      0
B|右拇指指尖/数据1                       0.0117    0.0234   -0.0183   -0.0177      nan      nan      nan      0
B|右拇指指尖/数据2                       0.0077    0.0169    0.0041   -0.0041      nan      nan      nan      0
B|右拇指指尖/数据3                       0.0371    0.0468    0.0009    0.0408      nan      nan      nan      0
B|左拇指指尖/数据1                       0.0612    0.0730   -0.0085    0.0579    0.869      nan      nan      0
B|左拇指指尖/数据2                       0.0216    0.0322   -0.0063    0.0238      nan      nan      nan      0
B|左拇指指尖/数据3                       0.0142    0.0223   -0.0036    0.0172      nan      nan      nan      0
B|四指指尖/数据1                        0.0044    0.0090    0.0031    0.0082      nan      nan      nan      0
B|四指指尖/数据2                        0.0073    0.0135    0.0030    0.0065      nan      nan      nan      0
B|四指指尖/数据3                        0.0100    0.0137    0.0027    0.0127      nan      nan      nan      0
B|变化负载/切换负载-快相无责的测试               0.0190    0.1374   -0.0049    0.0014    0.997    0.974      100      0
B|变化负载/零负载-中途切换负载-零负载-切换负载        0.0323    0.0352    0.0032    0.0348    0.803    0.880      318      0
B|变化负载/零负载-中途切换负载-零负载-切换负载        0.0973    0.1520    0.0975    0.0663    1.006    1.001      354      0
B|变化负载/零负载-切换负载-零负载-再切换负载         0.0289    0.0484    0.0019    0.0306    1.006    0.939       29      0

── 臂 v3.0首版 ──
数据集                                 保压偏离     偏离p95      后段残漂      早段残漂      G中位     卸载Gd     卸载回跳     越界
A|archived/从零基线开始 - 恒定负载 - 反复加减同一个负载/20260919_100351_single_device_f9740b    0.1227    0.2485    0.0084    0.0648    1.006    1.005       -1      0
A|archived/各种奇怪工况/20260919_134056_single_device_f40a1b    0.2199    0.3958   -0.1116   -0.3156    0.729    1.004        3      0
A|archived/恒定负载下反复加减同一个负载/20260919_092417_single_device_602c03    0.3586    0.7410   -0.0204   -0.3152    1.000    1.000        0      0
A|archived/持续恒定负载                 0.0056    0.0096    0.0011    0.0058      nan      nan      nan      0
A|archived/零基线-反复增减同一负载/20260919_152749_single_device_0cb8b6    0.1753    0.7072    0.3110   -0.0997    0.988    0.993      198      0
A|archived/零负载-随机切换工况/20260919_134726_single_device_31b7f9    0.2967    1.0133    0.0284   -0.2999    0.817    0.983       38      0
B|右拇指指尖/数据1                       0.0063    0.0168   -0.0175   -0.0108      nan      nan      nan      0
B|右拇指指尖/数据2                       0.0037    0.0107   -0.0075   -0.0062      nan      nan      nan      0
B|右拇指指尖/数据3                       0.0402    0.0487    0.0060    0.0434      nan      nan      nan      0
B|左拇指指尖/数据1                       0.0284    0.0359    0.0042    0.0297    0.842      nan      nan      0
B|左拇指指尖/数据2                       0.0054    0.0126    0.0022    0.0047      nan      nan      nan      0
B|左拇指指尖/数据3                       0.0020    0.0076   -0.0047    0.0017      nan      nan      nan      0
B|四指指尖/数据1                        0.0025    0.0061    0.0013   -0.0017      nan      nan      nan      0
B|四指指尖/数据2                        0.0049    0.0109    0.0025    0.0021      nan      nan      nan      0
B|四指指尖/数据3                        0.0013    0.0058   -0.0009    0.0004      nan      nan      nan      0
B|变化负载/切换负载-快相无责的测试               0.0120    0.1492   -0.0039   -0.0035    0.996    0.962      206      0
B|变化负载/零负载-中途切换负载-零负载-切换负载        0.0130    0.0206   -0.0083    0.0105    0.797    0.870      673      0
B|变化负载/零负载-中途切换负载-零负载-切换负载        0.0969    0.1421    0.0857    0.0535    1.005    0.990      830      0
B|变化负载/零负载-切换负载-零负载-再切换负载         0.0209    0.0385   -0.0033    0.0208    1.006    0.934       32      0

── 臂 v3.1仅修#1 ──
数据集                                 保压偏离     偏离p95      后段残漂      早段残漂      G中位     卸载Gd     卸载回跳     越界
A|archived/从零基线开始 - 恒定负载 - 反复加减同一个负载/20260919_100351_single_device_f9740b    0.1229    0.2486    0.0080    0.0641    1.006    1.006       -1      0
A|archived/各种奇怪工况/20260919_134056_single_device_f40a1b    0.2381    0.3779   -0.0818   -0.3214    0.660    1.003        5      0
A|archived/恒定负载下反复加减同一个负载/20260919_092417_single_device_602c03    0.3586    0.7410   -0.0204   -0.3152    1.000    1.000        0      0
A|archived/持续恒定负载                 0.0056    0.0096    0.0011    0.0058      nan      nan      nan      0
A|archived/零基线-反复增减同一负载/20260919_152749_single_device_0cb8b6    0.1365    0.7072    0.3245   -0.0458    0.987    0.902      135      0
A|archived/零负载-随机切换工况/20260919_134726_single_device_31b7f9    0.2798    1.0024    0.0132   -0.2910    0.829    0.969       59      0
B|右拇指指尖/数据1                       0.0063    0.0168   -0.0175   -0.0108      nan      nan      nan      0
B|右拇指指尖/数据2                       0.0036    0.0108   -0.0049   -0.0036      nan      nan      nan      0
B|右拇指指尖/数据3                       0.0402    0.0487    0.0060    0.0434      nan      nan      nan      0
B|左拇指指尖/数据1                       0.0284    0.0359    0.0042    0.0297    0.842      nan      nan      0
B|左拇指指尖/数据2                       0.0054    0.0126    0.0022    0.0047      nan      nan      nan      0
B|左拇指指尖/数据3                       0.0020    0.0076   -0.0047    0.0017      nan      nan      nan      0
B|四指指尖/数据1                        0.0025    0.0061    0.0013   -0.0017      nan      nan      nan      0
B|四指指尖/数据2                        0.0049    0.0109    0.0025    0.0021      nan      nan      nan      0
B|四指指尖/数据3                        0.0013    0.0058   -0.0009    0.0004      nan      nan      nan      0
B|变化负载/切换负载-快相无责的测试               0.0121    0.1511   -0.0027   -0.0033    0.997    0.967      207      0
B|变化负载/零负载-中途切换负载-零负载-切换负载        0.0130    0.0206   -0.0083    0.0105    0.812    0.872      673      0
B|变化负载/零负载-中途切换负载-零负载-切换负载        0.0915    0.1439    0.0851    0.0590    1.007    0.952      806      0
B|变化负载/零负载-切换负载-零负载-再切换负载         0.0209    0.0385   -0.0033    0.0208    1.006    0.934       36      0

── 臂 v3.1(#1+#2) ──
数据集                                 保压偏离     偏离p95      后段残漂      早段残漂      G中位     卸载Gd     卸载回跳     越界
A|archived/从零基线开始 - 恒定负载 - 反复加减同一个负载/20260919_100351_single_device_f9740b    0.1229    0.2486    0.0083    0.0640    1.007    1.006       -1      0
A|archived/各种奇怪工况/20260919_134056_single_device_f40a1b    0.2367    0.4140   -0.0820   -0.2379    0.902    1.004        6      0
A|archived/恒定负载下反复加减同一个负载/20260919_092417_single_device_602c03    0.3586    0.7410   -0.0204   -0.3152    1.000    1.000        0      0
A|archived/持续恒定负载                 0.0056    0.0096    0.0011    0.0058      nan      nan      nan      0
A|archived/零基线-反复增减同一负载/20260919_152749_single_device_0cb8b6    0.1434    0.7083    0.3242   -0.0536    0.991    0.914      111      0
A|archived/零负载-随机切换工况/20260919_134726_single_device_31b7f9    0.2945    1.0146    0.0173   -0.3044    0.835    0.982       36      0
B|右拇指指尖/数据1                       0.0063    0.0168   -0.0175   -0.0108      nan      nan      nan      0
B|右拇指指尖/数据2                       0.0036    0.0108   -0.0049   -0.0036      nan      nan      nan      0
B|右拇指指尖/数据3                       0.0402    0.0487    0.0060    0.0434      nan      nan      nan      0
B|左拇指指尖/数据1                       0.0284    0.0359    0.0042    0.0297    0.842      nan      nan      0
B|左拇指指尖/数据2                       0.0054    0.0126    0.0022    0.0047      nan      nan      nan      0
B|左拇指指尖/数据3                       0.0020    0.0076   -0.0047    0.0017      nan      nan      nan      0
B|四指指尖/数据1                        0.0025    0.0061    0.0013   -0.0017      nan      nan      nan      0
B|四指指尖/数据2                        0.0049    0.0109    0.0025    0.0021      nan      nan      nan      0
B|四指指尖/数据3                        0.0013    0.0058   -0.0009    0.0004      nan      nan      nan      0
B|变化负载/切换负载-快相无责的测试               0.0122    0.1497   -0.0026   -0.0033    0.997    0.977       94      0
B|变化负载/零负载-中途切换负载-零负载-切换负载        0.0133    0.0209   -0.0082    0.0109    0.812    0.872      671      0
B|变化负载/零负载-中途切换负载-零负载-切换负载        0.0927    0.1439    0.0855    0.0582    1.007    0.962      797      0
B|变化负载/零负载-切换负载-零负载-再切换负载         0.0209    0.0385   -0.0033    0.0208    1.006    0.934       40      0

── 臂 v3.1+单侧(P1) ──
数据集                                 保压偏离     偏离p95      后段残漂      早段残漂      G中位     卸载Gd     卸载回跳     越界
A|archived/从零基线开始 - 恒定负载 - 反复加减同一个负载/20260919_100351_single_device_f9740b    0.1226    0.2483    0.0108    0.0623    1.011    1.006       -1      0
A|archived/各种奇怪工况/20260919_134056_single_device_f40a1b    0.2065    0.4656   -0.0940   -0.1663    1.002    1.006        6      0
A|archived/恒定负载下反复加减同一个负载/20260919_092417_single_device_602c03    0.3586    0.7410   -0.0204   -0.3152    1.000    1.000        0      0
A|archived/持续恒定负载                 0.0146    0.0191   -0.0011   -0.0153      nan      nan      nan      0
A|archived/零基线-反复增减同一负载/20260919_152749_single_device_0cb8b6    0.3244    0.7123    0.3723   -0.2479    0.997    0.983      266      0
A|archived/零负载-随机切换工况/20260919_134726_single_device_31b7f9    0.3245    1.0334   -0.0211   -0.3749    0.830    0.974       43      0
B|右拇指指尖/数据1                       0.0219    0.0346   -0.0269   -0.0406      nan      nan      nan      0
B|右拇指指尖/数据2                       0.0131    0.0280   -0.0267   -0.0405      nan      nan      nan      0
B|右拇指指尖/数据3                       0.0267    0.0357   -0.0002    0.0280      nan      nan      nan      0
B|左拇指指尖/数据1                       0.0105    0.0309   -0.0104    0.0023    0.815      nan      nan      0
B|左拇指指尖/数据2                       0.0128    0.0238   -0.0130   -0.0166      nan      nan      nan      0
B|左拇指指尖/数据3                       0.0080    0.0151   -0.0112   -0.0117      nan      nan      nan      0
B|四指指尖/数据1                        0.0119    0.0152   -0.0003   -0.0120      nan      nan      nan      0
B|四指指尖/数据2                        0.0130    0.0240    0.0018   -0.0137      nan      nan      nan      0
B|四指指尖/数据3                        0.0068    0.0101   -0.0016   -0.0073      nan      nan      nan      0
B|变化负载/切换负载-快相无责的测试               0.0140    0.1603   -0.0084   -0.0268    0.997    0.970      215      0
B|变化负载/零负载-中途切换负载-零负载-切换负载        0.0126    0.0205   -0.0089    0.0097    0.808    0.867      680      0
B|变化负载/零负载-中途切换负载-零负载-切换负载        0.0985    0.1434    0.0809    0.0474    1.003    1.000      905      0
B|变化负载/零负载-切换负载-零负载-再切换负载         0.0198    0.0380   -0.0042    0.0194    1.006    0.926       36      0

