数据集 D:\workshop\Processing\multi-device-cascade-host-cpp\temp\算法数据&原始数据\working\零基线-反复增减同一负载\20260919_160854_single_device_7b3977
帧 31306 时长 311.8 s

=== 沿 + 沿后稳态窗 [20,40] s 的补偿量 ===
（ded = 输入 − 显示；ded≈0 ⇒ 该段完全没有补偿 = 基线丢失）
      沿t   向       Δin  in@+20/40      out现场     ded现场    ded场%      out回放     ded回放    ded回%     A_sum场  levelref
    3.34  UP     10296      16836      15427      1409      8.4      15215      1621      9.6      15348     15636
   15.18  UP      3180      17314      15750      1564      9.0      15647      1667      9.6      15777     16748
   36.99  DN     -2478      17273      15325      1948     11.3      15275      1998     11.6      15442     16844
   41.75  UP      2882      17330      15445      1885     10.9      15334      1996     11.5      15442     17090
   56.94  DN     -2898      17616      15483      2133     12.1      15425      2191     12.4      15442     17502
   63.41  UP      2616      17634      15471      2163     12.3      15436      2198     12.5      15442     17572
  216.66  DN     -2681      15156      15116        40      0.3      15116        40      0.3      14690     14013
  232.23  UP      2342      17042      17125       -83     -0.5      17126       -84     -0.5      14690     14982
  240.11  DN    -15020      17426      17460       -33     -0.2      17503       -77     -0.4      17516     14163
  245.31  UP     14472      17428      17467       -39     -0.2      17506       -78     -0.4      17516     14146
  252.15  DN    -14724      15629      15681       -52     -0.3      15681       -52     -0.3      14641     14318
  255.67  DN     -1320      14944      14982       -39     -0.3      14983       -39     -0.3      14641     15285
  258.34  UP     14513      14920      14971       -51     -0.3      14971       -52     -0.3      14641     15652
  261.72  UP      3744      14440      14492       -52     -0.4      14493       -53     -0.4      14641     13827
  275.75  DN      -728      15017      15076       -59     -0.4      15088       -71     -0.5       3385     14411
  278.63  UP     11700      15056      15120       -64     -0.4      15128       -72     -0.5       3385     14411
  282.30  DN     -2809      16359      16103       256      1.6      16103       256      1.6      15323     14411
  289.33  UP      3253      15077      15140       -63     -0.4      15149       -72     -0.5       3385     14411
  295.46  DN    -15093      15220      15271       -51     -0.3      15288       -68     -0.4      15323     14411

=== 每次「重新加载」后 补偿量 vs 时间（与首次 onset 对照）===
（每行为一个加载沿；列为沿后 5/10/20/40/60/90/120 s 的 ded）
      沿t       +5s      +10s      +20s      +40s      +60s      +90s     +120s
    3.34       721      1098      1243      1437      1646      2171      2266
   15.18      1120      1312      1603      1809      1985      2213      2282
   41.75      1580      1775      1889      2103      2197      2287      2321
   63.41      2016      1953      2110      2211      2266      2308      2356
  232.23      2294         0       108       135       -85       nan       nan
  245.31        82        -1       -29       -60       -19       nan       nan
  258.34       -64        17       -82         0       nan       nan       nan
  261.72       -12       121       -65       -64       nan       nan       nan
  278.63       -62       -82         0       nan       nan       nan       nan
  289.33       -85         0       -59       nan       nan       nan       nan
  300.61        -8       nan       nan       nan       nan       nan       nan
  303.42       -61       nan       nan       nan       nan       nan       nan

=== 首次 onset(3.34 s) 后 逐通道补偿量 vs 第二次 onset(245.31 s) 后 ===
  --- 首次 onset 3.34s  稳态窗 [43.3,63.3] ---
      Δin +17428  Δout +15710  ded +1718
      ch11:+1844/+191 ch7:+1770/+248 ch12:+1752/+150 ch4:+1741/+225 ch10:+1607/+124 ch6:+1423/+103 ch3:+1418/+216
  --- 重载 onset 245.31s  稳态窗 [285.3,305.3] ---
      Δin +14668  Δout +14732  ded -65
      ch4:+1667/-8 ch7:+1561/-8 ch11:+1512/-8 ch3:+1411/-7 ch10:+1387/-7 ch12:+1296/-3 ch6:+1191/-4
