=== ① 回放（plan-v3.0 默认）vs 录制：偏离随时间 ===
       t         输入         录制         复算   Δ(复算−录制)    state      pct
     0.0      11248      11301      11301          0        1        0
    10.0      15968      15182      14909       -118        2       22
    20.0      14483      13106      12911       -258        2     -118
    30.0      16645      15227      14913       -236        2      -68
    40.0      16804      14564      14173       -347        2      -58
    50.0      17086      14586      13728      -1024        2      -16
    60.0      15101      12709      11202      -1467        2     -205
    70.0      17123      14451      13219      -1362        2     -265
    80.0      17214      14048      13227       -832        2     -234
    90.0      17302      14179      13127      -1060        2     -116
   100.0      17236      14460      13123      -1329        2      -56
   110.0      17292      14374      13050      -1321        2     -110
   120.0      17256      14500      12877      -1546        2       -6
   130.0      17379      14472      12842      -1624        2     -267
   140.0      17424      14551      13037      -1519        2     -418
   150.0      17467      14588      13083      -1504        2     -434
   160.0      17516      14603      13041      -1557        2     -456
   170.0      17558      14614      13025      -1587        2     -525
   180.0      17585      14612      13097      -1515        2     -542
   190.0      17598      14582      13094      -1487        2     -530
   200.0      17612      14593      13110      -1483        2     -521
   210.0      17631      14630      13125      -1507        2     -491
   220.0      17651      14639      13128      -1510        2     -455
   230.0      17658      14622      13122      -1500        2     -418
   240.0      17665      14622      13121      -1498        2     -388
   250.0      17674      14630      13116      -1514        2     -359
   260.0      17682      14627      13111      -1516        2     -337
   270.0      15532      12641      10990      -1645        2     -229
   280.0      15558      12555      10706      -1868        2      -16
   290.0      17094      17177      17177         -0        1        0
   300.0      14260      14248      14248          0        1        0
   310.0      17562      17422      17464         43        2       31
   320.0      16131      16180      16180          0        1        0
   330.0      14429      13905      13911          7        2      -14
   340.0      17370      16729      16710        -21        1       25

=== ② 卸载沿的响应形状（0.1 s 分辨率，取沿前 1 s 到沿后 8 s）===
--- 沿 t=24.42 ---
      Δt         输入       录制显示     offset        行内Δ
    -1.0      16574      15157      -1417           
    -0.5      16590      15161      -1429  +16/-1413
     0.0      14366      13051      -1314 -2224/-3538
     0.5      14439      13118      -1321  +74/-1247
     1.0      14461      13097      -1364  +22/-1342
     1.5      14444      13048      -1396  -17/-1413
     2.0      14430      13012      -1418  -14/-1432
     2.5      14438      13000      -1438   +8/-1430
     3.0      14448      13001      -1447  +10/-1437
     3.5      14449      12984      -1465   +1/-1464
     4.0      14462      12989      -1473  +13/-1460
     4.5      14470      12981      -1489   +8/-1481
     5.0      14476      12975      -1501   +6/-1495
     5.5      14487      12974      -1513  +10/-1503
     6.0      14498      12975      -1523  +11/-1512
     6.5      14512      12979      -1532  +14/-1519
     7.0      14522      12977      -1545  +10/-1535
     7.5      14527      12974      -1553   +6/-1548
     8.0      14526      12969      -1557   -0/-1558
--- 沿 t=61.55 ---
      Δt         输入       录制显示     offset        行内Δ
    -1.0      17137      14463      -2674           
    -0.5      17146      14478      -2668   +9/-2659
     0.0      15074      12424      -2650 -2072/-4722
     0.5      15060      12725      -2335  -14/-2349
     1.0      15064      12725      -2339   +4/-2335
     1.5      15064      12718      -2346   +0/-2346
     2.0      15077      12719      -2358  +13/-2345
     2.5      15083      12716      -2367   +6/-2361
     3.0      15088      12714      -2374   +5/-2369
     3.5      15095      12715      -2380   +7/-2373
     4.0      15096      12709      -2387   +0/-2386
     4.5      15100      12705      -2395   +4/-2391
     5.0      15098      12694      -2404   -2/-2406
     5.5      15110      12696      -2414  +12/-2402
     6.0      15112      12690      -2422   +2/-2420
     6.5      15110      12673      -2437   -2/-2439
     7.0      15113      12660      -2453   +4/-2450
     7.5      15114      12651      -2463   +0/-2462
     8.0      15115      12643      -2472   +2/-2470
--- 沿 t=97.63 ---
      Δt         输入       录制显示     offset        行内Δ
    -1.0      17357      14187      -3170           
    -0.5      17360      14179      -3181   +3/-3178
     0.0      17351      14160      -3191   -9/-3200
     0.5      15179      12194      -2985 -2172/-5157
     1.0      15180      12354      -2826   +1/-2825
     1.5      15200      12387      -2813  +20/-2793
     2.0      15209      12399      -2810   +9/-2801
     2.5      15206      12397      -2809   -4/-2812
     3.0      15209      12398      -2811   +4/-2807
     3.5      15216      12401      -2815   +7/-2808
     4.0      15211      12392      -2819   -5/-2824
     4.5      15211      12387      -2824   +0/-2824
     5.0      15641      12806      -2835 +430/-2405
     5.5      17133      14314      -2819 +1492/-1327
     6.0      17194      14535      -2659  +60/-2598
     6.5      17220      14574      -2646  +26/-2619
     7.0      17230      14580      -2651  +10/-2640
     7.5      17251      14585      -2666  +20/-2646
     8.0      17262      14575      -2687  +11/-2676
--- 沿 t=115.15 ---
      Δt         输入       录制显示     offset        行内Δ
    -1.0      17337      14389      -2948           
    -0.5      17334      14382      -2952   -3/-2955
     0.0      15354      12545      -2810 -1980/-4789
     0.5      15360      12655      -2705   +6/-2699
     1.0      15351      12650      -2701  -10/-2711
     1.5      15351      12652      -2699   +0/-2699
     2.0      15352      12656      -2696   +1/-2695
     2.5      15359      12662      -2697   +7/-2690
     3.0      15358      12657      -2701   -2/-2702
     3.5      15358      12654      -2704   +1/-2703
     4.0      15361      12649      -2712   +2/-2709
     4.5      15361      12643      -2718   +0/-2718
     5.0      15362      12638      -2724   +1/-2723
     5.5      15367      12641      -2726   +5/-2721
     6.0      17084      14399      -2684 +1716/-968
     6.5      17125      14600      -2525  +42/-2484
     7.0      17154      14611      -2542  +28/-2514
     7.5      17175      14609      -2566  +22/-2544
     8.0      17204      14602      -2602  +30/-2573
--- 沿 t=272.81 ---
      Δt         输入       录制显示     offset        行内Δ
    -1.0      17683      14609      -3074           
    -0.5      17696      14654      -3041  +12/-3029
     0.0      15484      12426      -3058 -2211/-5269
     0.5      15522      12723      -2798  +37/-2761
     1.0      15534      12709      -2825  +13/-2812
     1.5      15531      12685      -2846   -4/-2849
     2.0      15506      12649      -2857  -25/-2882
     2.5      15504      12633      -2872   -2/-2873
     3.0      15502      12622      -2880   -2/-2882
     3.5      15508      12613      -2895   +6/-2890
     4.0      15518      12611      -2907  +10/-2897
     4.5      15514      12596      -2917   -5/-2922
     5.0      15526      12590      -2936  +12/-2923
     5.5      15528      12581      -2947   +2/-2945
     6.0      15544      12587      -2957  +16/-2941
     6.5      15545      12578      -2967   +2/-2965
     7.0      15548      12566      -2981   +2/-2979
     7.5      15550      12559      -2991   +3/-2988
     8.0      15548      12549      -2999   -2/-3002

=== ③ 上行沿的响应形状（对照）===
--- 沿 t=108.00 ---
   Δt  -1.0  输入     17267  录制     14498  offset     -2769
   Δt   0.0  输入     17284  录制     14462  offset     -2822
   Δt   1.0  输入     17302  录制     14447  offset     -2855
   Δt   2.0  输入     17305  录制     14417  offset     -2888
   Δt   3.0  输入     17308  录制     14394  offset     -2914
   Δt   4.0  输入     17320  录制     14389  offset     -2931
   Δt   5.0  输入     17323  录制     14393  offset     -2930
   Δt   6.0  输入     17334  录制     14390  offset     -2944
   Δt   7.0  输入     15348  录制     12527  offset     -2821
   Δt   8.0  输入     15348  录制     12645  offset     -2703
--- 沿 t=121.02 ---
   Δt  -1.0  输入     15362  录制     12639  offset     -2723
   Δt   0.0  输入     17080  录制     14391  offset     -2689
   Δt   1.0  输入     17150  录制     14615  offset     -2535
   Δt   2.0  输入     17197  录制     14603  offset     -2594
   Δt   3.0  输入     17247  录制     14604  offset     -2643
   Δt   4.0  输入     17258  录制     14496  offset     -2762
   Δt   5.0  输入     17283  录制     14516  offset     -2767
   Δt   6.0  输入     17304  录制     14510  offset     -2794
   Δt   7.0  输入     17313  录制     14485  offset     -2828
   Δt   8.0  输入     17330  录制     14475  offset     -2854
--- 沿 t=284.21 ---
   Δt  -1.0  输入     15536  录制     12497  offset     -3039
   Δt   0.0  输入     17153  录制     14168  offset     -2985
   Δt   1.0  输入     17372  录制     14471  offset     -2901
   Δt   2.0  输入     17447  录制     14484  offset     -2963
   Δt   3.0  输入     17472  录制     14505  offset     -2967
   Δt   4.0  输入     17493  录制     14513  offset     -2980
   Δt   5.0  输入      2584  录制      2577  offset        -6
   Δt   6.0  输入      2565  录制      2565  offset         0
   Δt   7.0  输入      2578  录制      2578  offset         0
   Δt   8.0  输入      2572  录制      2572  offset         0
