数据集 D:\workshop\Processing\multi-device-cascade-host-cpp\temp\算法数据&原始数据\working\零基线-反复增减同一负载\20260919_152749_single_device_0cb8b6
录制时的参数集就是 plan-v3.0 PCT（manifest 实证），复算即当前交付态

=== 回放校验：复算 vs 录制 ===
  max|Δ| 4254.4  中位|Δ| 1482.5  RMS 1222.7

=== 1 s 分辨率（265~343 s）：输入 / 录制显示 / 复算显示 / 内部状态 ===
      t    state        输入        录制       复算  offset     A_sum      ded1      pct       g   n_load
  265.0        2     17684     14632    13112   -4573     13088      4907     -336  0.3697       14
  266.0        2     17680     14620    13104   -4576     13088      4908     -333  0.3699       14
  267.0        2     17681     14619    13106   -4574     13088      4904     -332  0.3698       14
  268.0        2     17685     14621    13112   -4572     13088      4902     -331  0.3698       14
  269.0        2     17686     14621    13111   -4577     13088      4904     -329  0.3701       14
  270.0        2     17688     14616    13106   -4582     13088      4906     -327  0.3705       14
  271.0        2     17688     14613    13105   -4581     13088      4905     -325  0.3705       14
  272.0        2     17684     14629    13088   -4592     13088      4906     -327  0.3707       14
  273.0        2     15516     12716    11272   -4248     10551      4561     -323  0.4418       16
  274.0        2     15532     12690    11125   -4407     10551      4662     -256  0.4528       16
  275.0        2     15505     12636    10972   -4533     10551      4739     -207  0.4600       16
  276.0        2     15512     12615    10880   -4625     10551      4794     -170  0.4652       16
  277.0        2     15518     12601    10819   -4698     10551      4837     -140  0.4693       16
  278.0        2     15530     12586    10770   -4757     10551      4871     -114  0.4724       16
  279.0        2     15546     12583    10748   -4802     10551      4895      -94  0.4746       16
  280.0        2     15549     12558    10708   -4838     10551      4914      -77  0.4763       16
  281.0        2     15548     12542    10682   -4871     10551      4933      -63  0.4781       16
  282.0        2     15540     12510    10644   -4898     10551      4948      -51  0.4794       16
  283.0        2     15538     12498    10629   -4909     10551      4951      -43  0.4797       16
  284.0        1     17171     14192    12323   -4898     10551      4981      -16  0.4823       16
  285.0        1     17376     14470    12601   -4779     10551      4981      -16  0.4823       16
  286.0        1     17448     14487    12618   -4831     10551      4981      -16  0.4823       16
  287.0        2     17473     14532    12639   -4832     11585      4915      -16  0.4305       16
  288.0        2     17482     14500    12689   -4784     12620      4794      -14  0.3744       16
  289.0        0      2594      2580     2582       0       988         0        0  0.0000        0
  290.0        0      2577      2577     2577       0       988         0        0  0.0000        0
  291.0        0      2580      2580     2580       0       988         0        0  0.0000        0
  292.0        0      2576      2576     2576       0       988         0        0  0.0000        0
  293.0        1     16505     16585    16585      80       988         0        0  0.0000        0
  294.0        1     16978     17060    17060      82       988         0        0  0.0000        0
  295.0        1     17204     17285    17285      81       988         0        0  0.0000        0
  296.0        2     17342     17346    17345       2     17316         0        0  0.0000       14
  297.0        2     17428     17392    17390     -35     17316        24        6  0.0015       14
  298.0        2     17465     17385    17382     -87     17316        64       15  0.0039       14
  299.0        2     17490     17369    17364    -125     17316        92       22  0.0057       14
  300.0        2     15080     15013    15010     -76     17316        65       -0  0.0045       14
  301.0        2     15094     15015    15011     -80     14964        65        2  0.0047       13
  302.0        2     15100     15012    15008     -95     14964        76        7  0.0055       13
  303.0        2     15088     14986    14981    -106     14964        84       11  0.0061       13
  304.0        0      2616      2619     2619       0      2640         0        0  0.0000        0
  305.0        0      2658      2658     2658       0      2640         0        0  0.0000        0
  306.0        1     12143     12143    12143       0      2640         0        0  0.0000        0
  307.0        1     13766     13833    13833      67      2640         0        0  0.0000        0
  308.0        1     14225     14248    14248      26      2640         0        0  0.0000        0
  309.0        1     14446     14253    14256    -191      2640         0        0  0.0000        0
  310.0        2     14586     14250    14319    -259     14248       257        2  0.0194       15
  311.0        1     17210     16904    16948    -285     14248       407       31  0.0278       15
  312.0        1     17500     17422    17466     -35     14248       407       31  0.0278       15
  313.0        1     17608     17425    17470    -135     14248       407       31  0.0278       15
  314.0        1     17686     17432    17470    -210     14248       407       31  0.0278       15
  315.0        2     17728     17431    17473    -255     17470       223       30  0.0122       14
  316.0        2     17774     17435    17478    -296     17470       262       31  0.0143       14
  317.0        2     17835     17449    17492    -340     17470       303       33  0.0166       14
  318.0        2      2689      2693     2696       8      2732       -11      -51 -0.0011       12
  319.0        0      2646      2646     2646       0      2732         0        0  0.0000        0
  320.0        0      2667      2667     2667       0      2732         0        0  0.0000        0
  321.0        0      2661      2661     2661       0      2732         0        0  0.0000        0
  322.0        0      2623      2623     2623       0      2732         0        0  0.0000        0
  323.0        0      2616      2616     2616       0      2732         0        0  0.0000        0
  324.0        1     14777     14777    14777       0      2732         0        0  0.0000        0
  325.0        1     16470     16550    16550      80      2732         0        0  0.0000        0
  326.0        1     16912     16993    16993      81      2732         0        0  0.0000        0
  327.0        1     17104     17062    17093      -5      2732         0        0  0.0000        0
  328.0        2     17182     17087    17134     -51     17093        49        1  0.0027       14
  329.0        2     17350     17217    17264     -88     17093        69       14  0.0039       14
  330.0        2     14753     14778    14791      34     14788       -57      -22 -0.0037       13
  331.0        2     14766     14784    14798      32     14788       -52      -16 -0.0034       13
  332.0        2      7410      7443     7444      29     14788      -194      -69 -0.0145       13
  333.0        2      6519      6546     6546      27      6570      -186      -63 -0.0299       16
  334.0        2      6558      6583     6585      26      6570      -132      -44 -0.0212       16
  335.0        1      9437      9429     9436      -1      6570       -85      -13 -0.0137       16
  336.0        1     14148     13898    13904    -246      6570       -85      -13 -0.0137       16
  337.0        1     14471     13908    13914    -548      6570       -85      -13 -0.0137       16
  338.0        1     14571     13910    13916    -647      6570       -85      -13 -0.0137       16
  339.0        2     14630     13980    13951    -673     13900       697       -9  0.0477       15
  340.0        1     17174     16718    16699    -426     13900       833       25  0.0570       15
  341.0        1     17376     16707    16686    -691     13900       833       25  0.0570       15
  342.0        1     17440     16774    16753    -688     13900       833       25  0.0570       15

=== 全程 5 s 分辨率：状态与内部量 ===
      t  state        输入        复算     A_sum      ded1       pct       g
    0.0      0      2601      2601         0         0         0  0.0000
    5.0      1     12277     12060         0         0         0  0.0000
   10.0      2     13067     12174     12137       887        -6  0.0502
   15.0      1     16274     15231     12137      1194        46  0.0702
   20.0      2     16513     14871     15237      1690       -84  0.0857
   25.0      2     14454     12749     12663      1823      -126  0.1235
   30.0      2     14526     12748     12663      1856       -82  0.1314
   35.0      1     16877     15051     12663      1910       -43  0.1359
   40.0      2     16966     14660     14157      2118       -98  0.1262
   45.0      2     14922     12123     11871      2992       -31  0.2034
   50.0      1     17011     13830     11871      3221       -19  0.2230
   55.0      2     17112     13417     13858      3698       -15  0.2100
   60.0      2     15083     11499     11299      3866      -189  0.2697
   65.0      2     15106     11168     11299      4170      -228  0.3201
   70.0      1     16947     13113     11299      4205      -248  0.3338
   75.0      2     17220     13220     13380      4305      -298  0.2840
   80.0      2     16702     12746     13380      4330      -345  0.2894
   85.0      1     17214     13227     10968      3961      -102  0.3288
   90.0      2     17297     13141     13227      4246       -93  0.2814
   95.0      2     17345     13118     13227      4345      -138  0.2901
  100.0      2     15222     11206     10946      4226       -77  0.3578
  105.0      2     17274     13134     13242      4239       -50  0.2784
  110.0      2     17319     13074     13242      4376      -121  0.2874
  115.0      2     15356     11302     11002      4137       -87  0.3411
  120.0      1     17160     13075     11002      4318         3  0.3590
  125.0      2     17304     12801     13088      4543       -40  0.3029
  130.0      2     17364     12790     13088      4771      -199  0.3194
  135.0      2     17395     12891     13088      4826      -323  0.3248
  140.0      2     17408     12981     13088      4819      -400  0.3260
  145.0      2     17435     13059     13088      4800      -426  0.3258
  150.0      2     17455     13081     13088      4805      -435  0.3276
  155.0      2     17478     13084     13088      4822      -434  0.3306
  160.0      2     17500     13048     13088      4898      -447  0.3377
  165.0      2     17527     13026     13088      4964      -469  0.3442
  170.0      2     17550     13010     13088      5046      -508  0.3524
  175.0      2     17568     13051     13088      5048      -537  0.3550
  180.0      2     17580     13089     13088      5029      -543  0.3561
  185.0      2     17590     13103     13088      5022      -537  0.3574
  190.0      2     17593     13094     13088      5028      -532  0.3599
  195.0      2     17601     13093     13088      5036      -530  0.3624
  200.0      2     17609     13100     13088      5030      -526  0.3639
  205.0      2     17615     13115     13088      5010      -516  0.3644
  210.0      2     17625     13123     13088      5000      -500  0.3649
  215.0      2     17636     13128     13088      4991      -483  0.3658
  220.0      2     17644     13128     13088      4980      -463  0.3664
  225.0      2     17656     13128     13088      4973      -444  0.3672
  230.0      2     17659     13125     13088      4957      -427  0.3674
  235.0      2     17657     13120     13088      4947      -411  0.3676
  240.0      2     17665     13124     13088      4938      -395  0.3678
  245.0      2     17665     13120     13088      4924      -379  0.3679
  250.0      2     17669     13115     13088      4917      -366  0.3685
  255.0      2     17677     13117     13088      4910      -353  0.3687
  260.0      2     17680     13113     13088      4906      -341  0.3694
  265.0      2     17683     13109     13088      4905      -332  0.3699
  270.0      2     17672     13086     13088      4904      -326  0.3706
  275.0      2     15519     10819     10551      4837      -140  0.4693
  280.0      2     15546     10676     10551      4948       -51  0.4794
  285.0      1     17424     12613     10551      4915       -16  0.4305
  290.0      0      2595      2595       988         0         0  0.0000
  295.0      2     17429     17365     17316        25         6  0.0015
  300.0      2     15087     14996     14964        66         3  0.0048
  305.0      1     13766     13833      2640         0         0  0.0000
  310.0      1     17500     17459     14248       407        31  0.0278
  315.0      2     17734     17468     17470       227        30  0.0125
  320.0      0      2644      2644      2732         0         0  0.0000
  325.0      1     17072     17092      2732         0         0  0.0000
  330.0      2      7410      7444     14788      -108       -36 -0.0145
  335.0      1     14476     13912      6570       -85       -13 -0.0137
  340.0      1     17370     16710     13900       833        25  0.0570
