窗口 [238.0, 252.0] 共 1404 帧（每 10 帧打印一行）
        t   sum_in  sum_out    st   ev   kd    A_sum comp_tot  ded_unc  ded_cap levelref   tssmoo   min_ts  idl  vlly  vlrun     tau    A_hat   c_appl        g
  238.028    17607    15342     2    0    0    15236     2265     2225     2225  16470.7  17593.1   2393.0    0     0   0.00  -1.000      0.0      0.0   0.1395
  238.114    17596    15327     2    0    0    15236     2269     2228     2228  16480.3  17594.3   2393.0    0     0   0.00  -1.000      0.0      0.0   0.1397
  238.228    17611    15337     2    0    0    15236     2274     2232     2232  16493.0  17598.6   2393.0    0     0   0.00  -1.000      0.0      0.0   0.1400
  238.309    17598    15320     2    0    0    15236     2278     2235     2235  16501.9  17599.3   2393.0    0     0   0.00  -1.000      0.0      0.0   0.1402
  238.428    17606    15323     2    0    0    15236     2283     2239     2239  16515.0  17601.1   2393.0    0     0   0.00  -1.000      0.0      0.0   0.1404
  238.509    17606    15320     2    0    0    15236     2286     2241     2241  16523.7  17600.8   2393.0    0     0   0.00  -1.000      0.0      0.0   0.1406
  238.629    17606    15316     2    0    0    15236     2290     2245     2245  16536.6  17601.8   2393.0    0     0   0.00  -1.000      0.0      0.0   0.1408
  238.704    17609    15316     2    0    0    15236     2293     2247     2247  16544.6  17603.1   2393.0    0     0   0.00  -1.000      0.0      0.0   0.1409
  238.833    17611    15313     2    0    0    15236     2298     2251     2251  16558.2  17605.9   2393.0    0     0   0.00  -1.000      0.0      0.0   0.1411
  238.930    17616    15314     2    0    0    15236     2302     2254     2254  16568.4  17609.9   2393.0    0     0   0.00  -1.000      0.0      0.0   0.1413
  239.047    17610    15304     2    0    0    15236     2306     2257     2257  16580.5  17611.2   2393.0    0     0   0.00  -1.000      0.0      0.0   0.1415
  239.130    17613    15304     2    0    0    15236     2309     2259     2259  16589.1  17612.7   2393.0    0     0   0.00  -1.000      0.0      0.0   0.1416
  239.247    17611    15298     2    0    0    15236     2313     2262     2262  16601.0  17612.8   2393.0    0     0   0.00  -1.000      0.0      0.0   0.1418
  239.330    17610    15294     2    0    0    15236     2316     2265     2265  16609.4  17614.6   2393.0    0     0   0.00  -1.000      0.0      0.0   0.1420
  239.446    17661    15340     2    0    0    15236     2321     2268     2268  16621.0  17621.1   2393.0    0     0   0.00  -1.000      0.0      0.0   0.1422
  239.530    17643    15320     2    0    0    15236     2323     2270     2270  16629.5  17626.5   2393.0    0     0   0.00  -1.000      0.0      0.0   0.1423
  239.646    17650    15324     2    0    0    15236     2326     2273     2273  16641.0  17633.4   2393.0    0     0   0.00  -1.000      0.0      0.0   0.1425
  239.714    17656    15327     2    0    0    15236     2329     2274     2274  16647.8  17637.8   2393.0    0     0   0.00  -1.000      0.0      0.0   0.1425
  239.818    17652    15320     2    0    0    15236     2332     2276     2276  16658.1  17644.5   2393.0    0     0   0.00  -1.000      0.0      0.0   0.1427
  239.914    17623    15287     2    0    0    15236     2336     2280     2280  16667.6  17643.0   2393.0    0     0   0.00  -1.000      0.0      0.0   0.1429
  240.047     2461     1527     2    0    0    15236      934     1988     1988  16667.6  15079.3   2393.0    0     1   0.05  -1.000      0.0      0.0   0.1248
  240.113     2751     1656     1    1    3    15236     1095     1988     1988  16643.6  12432.1   2393.0    0     1   0.12   0.116      0.0  -2312.2   0.1248
  240.246     2768     1532     1    1    3    15236     1236     1988     1988  16553.7   8771.5   2393.0    0     1   0.25   0.249      0.0  -2312.2   0.1248
  240.299     2916     1627     1    1    3    15236     1289     1988     1988  16508.4   7782.0   2393.0    0     1   0.30   0.302      0.0  -2312.2   0.1248
  240.419     2913     2808     2    0    0     1626      105      112      112  16389.9   6081.1   2393.0    0     1   0.42  -1.000      0.0      0.0   0.1533
  240.504     2938     2830     2    0    0     1626      108      110      110  16297.0   5249.3   2393.0    0     1   0.51  -1.000      0.0      0.0   0.1499
  240.633     2898     2785     2    0    0     1626      113      107      107  16147.4   4381.3   2393.0    0     1   0.64  -1.000      0.0      0.0   0.1458
  240.694     2916     2801     2    0    0     1626      115      106      106  16074.4   4098.9   2393.0    0     1   0.70  -1.000      0.0      0.0   0.1439
  240.818     2652     2533     2    0    0     1626      119      103      103  15922.8   3640.2   2393.0    0     1   0.82  -1.000      0.0      0.0   0.1398
  240.894     2656     2656     0    0    0     1626        0        0        0  15828.3   3406.1   2393.0    1     1   0.90  -1.000      0.0      0.0   0.0000
  241.029     2645     2645     0    0    0     1626        0        0        0  15658.6   3118.1   2393.0    1     1   1.03  -1.000      0.0      0.0   0.0000
  241.094     2608     2608     0    0    0     1626        0        0        0  15576.7   3016.8   2393.0    1     1   1.10  -1.000      0.0      0.0   0.0000
  241.214     2588     2588     0    0    0     1626        0        0        0  15425.3   2871.2   2393.0    1     1   1.22  -1.000      0.0      0.0   0.0000
  241.313     2583     2583     0    0    0     1626        0        0        0  15300.6   2781.2   2393.0    1     1   1.32  -1.000      0.0      0.0   0.0000
  241.414     2588     2588     0    0    0     1626        0        0        0  15174.2   2722.4   2393.0    1     1   1.42  -1.000      0.0      0.0   0.0000
  241.499     2582     2582     0    0    0     1626        0        0        0  15068.4   2683.8   2393.0    1     1   1.50  -1.000      0.0      0.0   0.0000
  241.614     2594     2594     0    0    0     1626        0        0        0  14926.2   2653.3   2393.0    1     1   1.62  -1.000      0.0      0.0   0.0000
  241.699     2602     2602     0    0    0     1626        0        0        0  14822.0   2640.8   2393.0    1     1   1.70  -1.000      0.0      0.0   0.0000
  241.830     2579     2579     0    0    0     1626        0        0        0  14662.9   2616.8   2393.0    1     1   1.83  -1.000      0.0      0.0   0.0000
  241.899     2569     2569     0    0    0     1626        0        0        0  14579.9   2607.2   2393.0    1     1   1.90  -1.000      0.0      0.0   0.0000
  242.030     2603     2603     0    0    0     1626        0        0        0  14423.7   2603.1   2393.0    1     1   2.03  -1.000      0.0      0.0   0.0000
  242.113     2592     2592     0    0    0     1626        0        0        0  14325.7   2601.9   2393.0    1     1   2.12  -1.000      0.0      0.0   0.0000
  242.214     2607     2607     0    0    0     1626        0        0        0  14207.7   2602.2   2393.0    1     1   2.22  -1.000      0.0      0.0   0.0000
  242.289     2593     2593     0    0    0     1626        0        0        0  14120.8   2602.0   2393.0    1     1   2.29  -1.000      0.0      0.0   0.0000
  242.408     2578     2578     0    0    0     1626        0        0        0  13984.2   2596.8   2393.0    1     1   2.41  -1.000      0.0      0.0   0.0000
  242.489     2582     2582     0    0    0     1626        0        0        0  13892.1   2592.6   2393.0    1     1   2.49  -1.000      0.0      0.0   0.0000
  242.614     2587     2587     0    0    0     1626        0        0        0  13751.5   2589.7   2393.0    1     1   2.62  -1.000      0.0      0.0   0.0000
  242.688     2580     2580     0    0    0     1626        0        0        0  13669.0   2589.3   2393.0    1     1   2.69  -1.000      0.0      0.0   0.0000
  242.808     2584     2584     0    0    0     1626        0        0        0  13536.6   2587.1   2393.0    1     1   2.81  -1.000      0.0      0.0   0.0000
  242.913     2583     2583     0    0    0     1626        0        0        0  13421.9   2585.3   2393.0    1     1   2.92  -1.000      0.0      0.0   0.0000
  243.020     2590     2590     0    0    0     1626        0        0        0  13306.3   2584.7   2393.0    1     1   3.02  -1.000      0.0      0.0   0.0000
  243.113     2609     2609     0    0    0     1626        0        0        0  13206.9   2588.3   2393.0    1     1   3.12  -1.000      0.0      0.0   0.0000
  243.217     2609     2609     0    0    0     1626        0        0        0  13096.9   2592.5   2393.0    1     1   3.22  -1.000      0.0      0.0   0.0000
  243.299     2609     2609     0    0    0     1626        0        0        0  13010.9   2597.0   2393.0    1     1   3.30  -1.000      0.0      0.0   0.0000
  243.431     2614     2614     0    0    0     1626        0        0        0  12874.1   2602.8   2393.0    1     1   3.43  -1.000      0.0      0.0   0.0000
  243.514     2602     2602     0    0    0     1626        0        0        0  12789.0   2602.5   2393.0    1     1   3.52  -1.000      0.0      0.0   0.0000
  243.604     2599     2599     0    0    0     1626        0        0        0  12697.6   2602.1   2393.0    1     1   3.61  -1.000      0.0      0.0   0.0000
  243.689     2586     2586     0    0    0     1626        0        0        0  12611.9   2598.4   2393.0    1     1   3.69  -1.000      0.0      0.0   0.0000
  243.803     2588     2588     0    0    0     1626        0        0        0  12498.2   2594.9   2393.0    1     1   3.81  -1.000      0.0      0.0   0.0000
  243.897     2573     2573     0    0    0     1626        0        0        0  12405.3   2587.1   2393.0    1     1   3.90  -1.000      0.0      0.0   0.0000
  244.004     2574     2574     0    0    0     1626        0        0        0  12300.6   2582.5   2393.0    1     1   4.01  -1.000      0.0      0.0   0.0000
  244.096     2589     2589     0    0    0     1626        0        0        0  12211.4   2583.5   2393.0    1     1   4.10  -1.000      0.0      0.0   0.0000
  244.214     2601     2601     0    0    0     1626        0        0        0  12098.2   2589.3   2393.0    1     1   4.22  -1.000      0.0      0.0   0.0000
  244.278     2603     2603     0    0    0     1626        0        0        0  12037.5   2591.8   2393.0    1     1   4.28  -1.000      0.0      0.0   0.0000
  244.399     2600     2600     0    0    0     1626        0        0        0  11923.7   2595.3   2393.0    1     1   4.40  -1.000      0.0      0.0   0.0000
  244.485     2602     2602     0    0    0     1626        0        0        0  11843.6   2596.3   2393.0    1     1   4.49  -1.000      0.0      0.0   0.0000
  244.599     2599     2599     0    0    0     1626        0        0        0  11738.6   2597.1   2393.0    1     1   4.60  -1.000      0.0      0.0   0.0000
  244.679     2603     2603     0    0    0     1626        0        0        0  11665.6   2595.9   2393.0    1     1   4.68  -1.000      0.0      0.0   0.0000
  244.798     2595     2595     0    0    0     1626        0        0        0  11558.1   2596.9   2393.0    1     1   4.80  -1.000      0.0      0.0   0.0000
  244.880     2588     2588     0    0    0     1626        0        0        0  11484.8   2595.5   2393.0    1     1   4.88  -1.000      0.0      0.0   0.0000
  245.013     2590     2590     0    0    0     1626        0        0        0  11367.1   2593.9   2393.0    1     1   5.02  -1.000      0.0      0.0   0.0000
  245.084     2595     2595     0    0    0     1626        0        0        0  11304.9   2594.0   2393.0    1     1   5.09  -1.000      0.0      0.0   0.0000
  245.194     2592     2592     0    0    0     1626        0        0        0  11209.4   2593.1   2393.0    1     1   5.20  -1.000      0.0      0.0   0.0000
  245.274    13429    13429     0    0    0     1626        0        0        0  11144.8   3871.9   2393.0    0     1   5.28  -1.000      0.0      0.0   0.0000
  245.394    14913    14913     1    1    0     1626        0        0        0  11088.7   7613.6   2393.0    0     0   0.00   0.155      0.0      2.5   0.0000
  245.484    15326    15326     1    1    0     1626        0        0        0  11072.1   9713.0   2393.0    0     0   0.00   0.245      0.0      2.5   0.0000
  245.600    15659    15715     1    1    0     1626      -56        0        0  11072.6  11708.1   2393.0    0     0   0.00   0.361  13726.6     55.6   0.0000
  245.674    15766    15842     1    1    0     1626      -76        0        0  11082.9  12643.2   2393.0    0     0   0.00   0.435  13839.0    197.3   0.0000
  245.813    15858    15935     1    1    0     1626      -77        0        0  11116.7  13906.5   2393.0    0     0   0.00   0.574  13935.6    529.0   0.0000
  245.885    16114    16192     1    1    0     1626      -78        0        0  11139.5  14393.0   2393.0    0     0   0.00   0.646  14204.4    653.9   0.0000
  245.998    16195    16274     1    1    0     1626      -79        0        0  11180.7  14982.2   2393.0    0     0   0.00   0.759  14289.5    683.0   0.0000
  246.097    16239    16318     1    1    0     1626      -79        0        0  11221.0  15356.4   2393.0    0     0   0.00   0.858  14335.6    685.2   0.0000
  246.213    16324    16403     1    1    0     1626      -79        0        0  11271.4  15678.1   2393.0    0     0   0.00   0.974  14424.9    689.4   0.0000
  246.297    16391    16471     1    1    0     1626      -80        0        0  11309.5  15857.3   2393.0    0     0   0.00   1.058  14459.5    673.8   0.0000
  246.399    16458    16538     1    1    0     1626      -80        0        0  11357.0  16037.0   2393.0    0     0   0.00   1.160  14459.5    590.1   0.0000
  246.469    16517    16598     1    1    0     1626      -81        0        0  11390.2  16134.3   2393.0    0     0   0.00   1.230  14459.5    557.8   0.0000
  246.597    16557    16638     1    1    0     1626      -81        0        0  11452.0  16285.0   2393.0    0     0   0.00   1.358  14459.5    491.1   0.0000
  246.669    16594    16675     1    1    0     1626      -81        0        0  11487.1  16355.9   2393.0    0     0   0.00   1.430  14459.5    448.1   0.0000
  246.813    16628    16709     1    1    0     1626      -81        0        0  11557.9  16461.9   2393.0    0     0   0.00   1.574  14459.5    420.1   0.0000
  246.897    16664    16745     1    1    0     1626      -81        0        0  11599.4  16511.4   2393.0    0     0   0.00   1.658  14459.5    384.1   0.0000
  247.013    16688    16769     1    1    0     1626      -81        0        0  11656.6  16569.1   2393.0    0     0   0.00   1.774  14459.5    360.1   0.0000
  247.096    16716    16797     1    1    0     1626      -81        0        0  11697.5  16606.9   2393.0    0     0   0.00   1.857  14459.5    328.1   0.0000
  247.214    16734    16815     1    1    0     1626      -81        0        0  11755.6  16648.6   2393.0    0     0   0.00   1.975  14459.5    314.1   0.0000
  247.282    16762    16843     1    1    0     1626      -81        0        0  11788.9  16669.6   2393.0    0     0   0.00   2.043  14459.5    294.8   0.0000
  247.413    16796    16877     1    1    0     1626      -81        0        0  11852.9  16709.5   2393.0    0     0   0.00   2.174  14459.5    252.1   0.0000
  247.480    16810    16892     1    1    0     1626      -82        0        0  11885.5  16729.1   2393.0    0     0   0.00   2.241  14459.5    242.8   0.0000
  247.613    16824    16906     1    1    0     1626      -82        0        0  11949.9  16763.9   2393.0    0     0   0.00   2.374  14459.5    224.1   0.0000
  247.681    16843    16925     1    1    0     1626      -82        0        0  11982.7  16777.8   2393.0    0     0   0.00   2.442  14459.5    211.8   0.0000
  247.798    16859    16940     1    1    0     1626      -81        0        0  12038.8  16803.2   2393.0    0     0   0.00   2.559  14459.5    189.1   0.0000
  247.865    16872    16953     1    1    0     1626      -81        0        0  12070.7  16816.1   2393.0    0     0   0.00   2.626  14459.5    176.1   0.0000
  248.013    16898    16979     1    1    0     1626      -81        0        0  12140.9  16846.0   2393.0    0     0   0.00   2.774  14459.5    150.1   0.0000
  248.080    16905    16986     1    1    0     1626      -81        0        0  12172.4  16858.1   2393.0    0     0   0.00   2.841  14459.5    143.1   0.0000
  248.197    16924    17004     1    1    0     1626      -80        0        0  12227.2  16878.9   2393.0    0     0   0.00   2.958  14459.5    124.1   0.0000
  248.264    16947    17027     1    1    0     1626      -80        0        0  12258.4  16891.9   2393.0    0     0   0.00   3.025  14459.5    102.8   0.0000
  248.396    16956    17035     1    1    0     1626      -79        0        0  12319.5  16914.6   2393.0    0     0   0.00   3.157  14459.5     92.1   0.0000
  248.464    16969    17048     1    1    0     1626      -79        0        0  12350.8  16924.7   2393.0    0     0   0.00   3.225  14459.5     85.8   0.0000
  248.596    16974    17047     1    1    0     1626      -73        0        0  12411.1  16943.5   2393.0    0     0   0.00   3.357  14459.5     74.1   0.0000
  248.680    16988    17054     1    1    0     1626      -66        0        0  12449.1  16951.7   2393.0    0     0   0.00   3.441  14459.5     65.8   0.0000
  248.784    17007    17048     2    0    0    17048      -41      -41      -41  12495.9  16967.2   2393.0    0     0   0.00  -1.000      0.0      0.0  -0.0026
  248.882    17014    17054     2    0    0    17048      -40      -40      -40  12539.7  16979.6   2393.0    0     0   0.00  -1.000      0.0      0.0  -0.0026
  248.996    17035    17074     2    0    0    17048      -39      -40      -40  12590.3  16996.0   2393.0    0     0   0.00  -1.000      0.0      0.0  -0.0025
  249.080    17058    17097     2    0    0    17048      -39      -39      -39  12627.3  17007.7   2393.0    0     0   0.00  -1.000      0.0      0.0  -0.0025
  249.196    17065    17102     2    0    0    17048      -37      -38      -38  12678.0  17026.5   2393.0    0     0   0.00  -1.000      0.0      0.0  -0.0024
  249.265    17069    17105     2    0    0    17048      -36      -38      -38  12708.1  17035.4   2393.0    0     0   0.00  -1.000      0.0      0.0  -0.0024
  249.396    17092    17125     2    0    0    17048      -33      -36      -36  12764.7  17052.2   2393.0    0     0   0.00  -1.000      0.0      0.0  -0.0023
  249.480    17122    17153     2    0    0    17048      -31      -34      -34  12800.7  17065.9   2393.0    0     0   0.00  -1.000      0.0      0.0  -0.0022
  249.596    17135    17161     2    0    0    17048      -26      -30      -30  12850.1  17086.1   2393.0    0     0   0.00  -1.000      0.0      0.0  -0.0020
  249.664    17158    17182     2    0    0    17048      -24      -29      -29  12879.0  17100.8   2393.0    0     0   0.00  -1.000      0.0      0.0  -0.0018
  249.796    17184    17202     2    0    0    17048      -18      -25      -25  12934.6  17123.9   2393.0    0     0   0.00  -1.000      0.0      0.0  -0.0016
  249.864    17245    17259     2    0    0    17048      -14      -22      -22  12963.2  17144.5   2393.0    0     0   0.00  -1.000      0.0      0.0  -0.0014
  249.984    17267    17274     2    0    0    17048       -7      -17      -17  13013.5  17181.9   2393.0    0     0   0.00  -1.000      0.0      0.0  -0.0011
  250.053    17288    17290     2    0    0    17048       -2      -14      -14  13042.3  17200.3   2393.0    0     0   0.00  -1.000      0.0      0.0  -0.0009
  250.184    17277    17270     2    0    0    17048        7       -8       -8  13096.8  17229.2   2393.0    0     0   0.00  -1.000      0.0      0.0  -0.0005
  250.264    17284    17271     2    0    0    17048       13       -3       -3  13129.9  17242.3   2393.0    0     0   0.00  -1.000      0.0      0.0  -0.0002
  250.396    17292    17268     2    0    0    17048       24        4        4  13184.1  17260.6   2393.0    0     0   0.00  -1.000      0.0      0.0   0.0003
  250.481    17288    17257     2    0    0    17048       31        9        9  13218.8  17267.7   2393.0    0     0   0.00  -1.000      0.0      0.0   0.0006
  250.581    17301    17262     2    0    0    17048       39       15       15  13259.2  17278.2   2393.0    0     0   0.00  -1.000      0.0      0.0   0.0010
  250.654    17309    17264     2    0    0    17048       45       20       20  13288.5  17283.3   2393.0    0     0   0.00  -1.000      0.0      0.0   0.0013
  250.797    17307    17250     2    0    0    17048       57       29       29  13345.4  17292.1   2393.0    0     0   0.00  -1.000      0.0      0.0   0.0019
  250.880    17314    17250     2    0    0    17048       64       34       34  13378.2  17297.8   2393.0    0     0   0.00  -1.000      0.0      0.0   0.0022
  250.996    17315    17241     2    0    0    17048       74       42       42  13423.5  17304.2   2393.0    0     0   0.00  -1.000      0.0      0.0   0.0027
  251.080    17325    17244     2    0    0    17048       81       47       47  13456.1  17307.5   2393.0    0     0   0.00  -1.000      0.0      0.0   0.0030
  251.196    17335    17245     2    0    0    17048       90       54       54  13500.6  17314.7   2393.0    0     0   0.00  -1.000      0.0      0.0   0.0034
  251.263    17335    17240     2    0    0    17048       95       58       58  13526.2  17319.1   2393.0    0     0   0.00  -1.000      0.0      0.0   0.0037
  251.369    17346    17243     2    0    0    17048      103       64       64  13566.3  17325.6   2393.0    0     0   0.00  -1.000      0.0      0.0   0.0041
  251.449    17349    17240     2    0    0    17048      109       68       68  13596.3  17329.3   2393.0    0     0   0.00  -1.000      0.0      0.0   0.0044
  251.569    17357    17239     2    0    0    17048      118       75       75  13641.0  17336.3   2393.0    0     0   0.00  -1.000      0.0      0.0   0.0048
  251.650    17345    17221     2    0    0    17048      124       80       80  13670.9  17339.4   2393.0    0     0   0.00  -1.000      0.0      0.0   0.0051
  251.769    17345    17213     2    0    0    17048      132       86       86  13714.4  17342.4   2393.0    0     0   0.00  -1.000      0.0      0.0   0.0055
  251.863    17359    17221     2    0    0    17048      138       91       91  13748.4  17346.3   2393.0    0     0   0.00  -1.000      0.0      0.0   0.0058
  251.969    17357    17212     2    0    0    17048      145       95       95  13786.5  17350.9   2393.0    0     0   0.00  -1.000      0.0      0.0   0.0061

窗口内 state 变化点（state/ev_valid/ev_kind/idle_now/valley_now 任一变化）：
  t=  238.028 state=    2 ev_valid=   0 ev_kind=   0 idle=   0 valley=   0 tin=  17607 out=  15342 ded=    2265 A=   15236 levelref= 16470.7 min_ts=  2393.0 max_ts=  17949.7
  t=  240.047 state=    2 ev_valid=   0 ev_kind=   0 idle=   0 valley=   1 tin=   2461 out=   1527 ded=     934 A=   15236 levelref= 16667.6 min_ts=  2393.0 max_ts=  17949.7
  t=  240.080 state=    1 ev_valid=   1 ev_kind=   3 idle=   0 valley=   1 tin=   1841 out=   1182 ded=     659 A=   15236 levelref= 16657.6 min_ts=  2393.0 max_ts=  17949.7
  t=  240.419 state=    2 ev_valid=   0 ev_kind=   0 idle=   0 valley=   1 tin=   2913 out=   2808 ded=     105 A=    1626 levelref= 16389.9 min_ts=  2393.0 max_ts=  17949.7
  t=  240.854 state=    0 ev_valid=   0 ev_kind=   0 idle=   1 valley=   1 tin=   2653 out=   2653 ded=       0 A=    1626 levelref= 15878.1 min_ts=  2393.0 max_ts=  17949.7
  t=  245.273 state=    0 ev_valid=   0 ev_kind=   0 idle=   0 valley=   1 tin=  13793 out=  13793 ded=       0 A=    1626 levelref= 11145.6 min_ts=  2393.0 max_ts=  17949.7
  t=  245.314 state=    1 ev_valid=   1 ev_kind=   0 idle=   0 valley=   0 tin=  14109 out=  14109 ded=       0 A=    1626 levelref= 11121.2 min_ts=  2393.0 max_ts=  17949.7
  t=  248.784 state=    2 ev_valid=   0 ev_kind=   0 idle=   0 valley=   0 tin=  17007 out=  17048 ded=     -41 A=   17048 levelref= 12495.9 min_ts=  2393.0 max_ts=  17949.7
