=== ① 目标录制 20260919_141824_single_device_110871（总量口径，21 通道求和，ADC）===
帧 39900  时长 397.1 s  采样 100.47 Hz
     t        输入      录制(现役)      v2.0复算 v3.0复算(PCT)
    30     12560       11712       11686       11648
    60     12900       11639       11757       11726
    90     13089       11687       11853       11691
   120     13370       11548       11784       11613
   150     13546       11594       11890       11736
   180     13623       11661       11988       11696
   210     13722       11766       12107       11694
   240     13786       11842       12169       11685
   270     13881       11970       12258       11713
   300     13951       11875       12160       11672
   330     14042       12029       12283       11740
   360     14134       12142       12375       11759
   390     14197       12238       12452       11773

窗口                     输入     录制(现役)     v2.0复算     v3.0复算
60→390 s            +1292       +594       +689        +32
6→390 s             +2498       +516       +729        +41
30→390 s            +1632       +520       +760       +110

→ 60→390 s 漂移：v2.0 复算 +689 → v3.0 +32（21.7×）；现役录制 +594

=== ② 逐通道末帧快照（v3.0，末帧）===
CH k loaded elig A gamma v_last out_last pct
CH 0 0 1 111.792 1 125 112.686 12.3142
CH 1 0 1 45.1467 1 276 95.4131 180.587
CH 2 0 1 31.5833 1 152 29.4399 122.56
CH 3 1 1 1143.03 1.27442 1379 1141.78 7.06398
CH 4 1 1 1096.49 1.71175 1418 1092.45 28.9963
CH 5 1 1 173.591 2 542 173.475 313.67
CH 6 1 1 894.12 1.54808 1106 894.66 -7.35844
CH 7 1 1 1229.06 1.34793 1484 1231.23 -8.98906
CH 8 1 1 324.357 2 536 334.988 98.5153
CH 9 0 1 112.917 1 107 107.535 -4.99127
CH 10 1 1 1188.53 0.446728 1273 1189.92 -0.805777
CH 11 1 1 1321.63 0.527963 1427 1323.81 -7.05294
CH 12 1 1 1116.6 0.885458 1280 1118.89 4.89341
CH 13 0 1 68.9261 1 59 59.295 -9.66838
CH 14 1 1 801.748 0.3 832 801.689 -7.69211
CH 15 1 1 758.215 1.04355 879 759.276 -5.2905
CH 16 1 1 778.726 0.413982 821 779.819 -9.75505
CH 17 1 1 168.602 0.3 174 169.001 -2.99309
CH 18 1 1 304.333 0.3 278 279.39 -37.2864
CH 19 0 0 7 1 7 7 0
CH 20 0 1 40.1667 1 29 29.145 -14.3038

=== ③ 振荡工况专用口径 ===
数据 20260919_134056_single_device_f40a1b
臂                      振荡段std        振荡段极差        安静段偏移中位
v2.0(PCT关)                491         2283           -128
v3.0(PCT开)                476         2294           -146
