T3 稳定/回落时间专项（口径见脚本 docstring）

臂                  类           N | t_trough 中位(s) | 回落trough ADC | T5 中位(定义数) | T2 中位(定义数) | 带内占比 中位

base                 全部          96 |     3.3 |      361 |    1.0 ( 44) |    3.4 ( 24) |   0.95
base                 首次大台阶       24 |     0.7 |      280 |    1.0 ( 23) |    3.4 ( 18) |   1.00
base                 受载态小台阶      57 |     3.8 |      470 |    0.8 ( 15) |    5.5 (  2) |   0.82
base                 其他          15 |     0.5 |      231 |    1.1 (  6) |    4.7 (  4) |   0.98

A_now_a1.0           全部          96 |     1.8 |      299 |    1.7 ( 49) |    3.4 ( 25) |   0.95
A_now_a1.0           首次大台阶       24 |     0.5 |      185 |    1.7 ( 23) |    3.8 ( 17) |   1.00
A_now_a1.0           受载态小台阶      57 |     3.3 |      416 |    1.0 ( 17) |    5.9 (  4) |   0.86
A_now_a1.0           其他          15 |     0.2 |      143 |    1.5 (  9) |    3.2 (  4) |   1.00

A_lag_a1.0           全部          96 |     1.1 |      273 |    2.6 ( 48) |    4.9 ( 24) |   0.94
A_lag_a1.0           首次大台阶       24 |     0.3 |      134 |    2.8 ( 23) |    4.9 ( 16) |   1.00
A_lag_a1.0           受载态小台阶      57 |     2.5 |      364 |    2.0 ( 16) |    6.2 (  4) |   0.83
A_lag_a1.0           其他          15 |     0.2 |      140 |    2.3 (  9) |    4.5 (  4) |   1.00

C_a0.8_tb2.0_1.5s    全部          96 |     2.2 |      306 |    1.5 ( 48) |    3.3 ( 23) |   0.95
C_a0.8_tb2.0_1.5s    首次大台阶       24 |     0.5 |      185 |    1.6 ( 23) |    4.0 ( 17) |   1.00
C_a0.8_tb2.0_1.5s    受载态小台阶      57 |     3.6 |      436 |    0.9 ( 16) |    5.6 (  2) |   0.84
C_a0.8_tb2.0_1.5s    其他          15 |     0.2 |      150 |    1.4 (  9) |    3.0 (  4) |   1.00

