=== 通路分解残差自检（off 是否 == a+b）===
  |off_p − (a+b)| 最大=5540.840 ADC  中位=1034.260 ADC   (口径自洽)

=== Q3 逐平台两条通路（中位；单位 ADC 总量）===
  #    kind      t0      t1 off_field off_proto  a_glide   b_slow     a+b  frac_a  frac_b A_sum_med     g_med
  0    idle    0.03    2.20         0         0        0        0       0    0.00    0.00         0   0.00000
  1    idle    2.24    5.26       128       131     -131        0    -131    1.00   -0.00         0   0.00000
  2  loaded    5.26  111.06      1006      1371        0     -971    -971   -0.00    1.00     16594  -0.07687
  3    idle  111.06  130.37         0         0        0        0       0    0.00    0.00      4109   0.00000
  4  loaded  130.41  137.04      -489      -477        0        0       0    0.00    0.00     13096   0.03826
  5    idle  137.04  141.96         0         0        0        0       0    0.00    0.00      2603   0.00000
  6  loaded  141.96  146.64        -1         0        0        0       0    0.00    0.00      2603   0.00000
  7    idle  146.64  151.92       103       116        0        0       0    0.00    0.00      3170   0.00000
  8  loaded  151.96  211.14       466       436        0      -54     -54   -0.00    1.00     15980  -0.01767
  9    idle  211.19  224.75         0         0        0        0       0    0.00    0.00      4405   0.00000
 10  loaded  224.79  287.29       486       548        0     -145    -145   -0.00    1.00     16416  -0.02501
 11    idle  287.29  292.74         0         0        0        0       0    0.00    0.00      4263   0.00000
 12  loaded  292.79  302.68         0         6        0        0       0    0.00    0.00     16846   0.00000
 13    idle  302.68  308.07         0         0        0        0       0    0.00    0.00      3308   0.00000
 14  loaded  308.07  314.83       246       253        0        0       0    0.00    0.00      3308   0.00000
 15    idle  314.83  318.46         0         0        0        0       0    0.00    0.00      3635   0.00000
 16  loaded  318.46  337.53       144       156        0        0       0    0.00    0.00     14600  -0.00283

=== Q3 全段能量口径：两条通路各自的「扣除·帧」积分 ===
  Σ|a| = 8.022e+06 ADC·帧  (38.7%)
  Σ|b| = 1.269e+07 ADC·帧  (61.3%)
  两种口径的极值：事件期 a 最大 |a|=1959 ADC；慢相期 b 最大 |b|=2047 ADC

=== Q4 关键转折（每 10 s 一点）===
      t     pre   off_f   off_p   min_ts   1.5min level_ref 0.1levref         g    A_sum idle  state
    0.0    2661       0       0     2661     3992      2661       266   0.00000        0    1   idle
   10.0   13906     420     440     2641     3962      8647       865  -0.03241    13913    0   slow
   20.0   16745     449     876     2641     3962     12961      1296  -0.04939    15205    0  event
   30.0   16984     528     978     2641     3962     14975      1498  -0.05621    17973    0   slow
   40.0   14803     811    1243     2641     3962     15528      1553  -0.07920    16061    0   slow
   50.0   16747    1087    1424     2641     3962     15733      1573  -0.07320    16151    0  event
   60.0   16963    1160    1586     2641     3962     15972      1597  -0.08866    16387    0  event
   70.0   17371    1021    1469     2641     3962     16657      1666  -0.08105    18549    0   slow
   80.0   17399    1035    1365     2641     3962     16546      1655  -0.07412    18832    0   slow
   90.0   17294    1096    1451     2641     3962     16474      1647  -0.07946    18884    0   slow
  100.0   17481     927    1287     2641     3962     16601      1660  -0.06999    19007    0   slow
  110.0   17466    1340    1798     2641     3962     16782      1678  -0.09656    19265    0   slow
  120.0    3034       0       0     2641     3962      8805       880   0.00000     4109    1   idle
  130.0   13778    -641    -639     2641     3962     11347      1135   0.03397    13096    0   slow
  140.0    2998       0       0     2641     3962     11406      1141   0.00000     2603    1   idle
  150.0   13186     454     459     2641     3962      9531       953   0.00000     3170    0  event
  160.0   17139     -80     -58     2641     3962     13426      1343   0.00273    17048    0   slow
  170.0   17284     139      37     2641     3962     15294      1529  -0.00170    17255    0   slow
  180.0   17433     423     392     2641     3962     16221      1622  -0.01758    17729    0   slow
  190.0   17456     554     554     2641     3962     16431      1643  -0.02050    15768    0  event
  200.0   15404     635     677     2641     3962     16274      1627  -0.03379    15980    0   slow
  210.0   15380     727     697     2641     3962     16475      1647  -0.03477    16129    0   slow
  220.0   13134     495     513     2641     3962      9248       925   0.00000     4405    0  event
  230.0   17185      77     102     2641     3962     13346      1335  -0.00469    17267    0   slow
  240.0   17109      34      80     2641     3962     15168      1517  -0.00365    17185    0   slow
  250.0   15198     383     500     2641     3962     15921      1592  -0.02534    15777    0   slow
  260.0   15377     553     623     2641     3962     16330      1633  -0.03119    15957    0   slow
  270.0   15519     881    1020     2641     3962     16506      1651  -0.04924    16456    0   slow
  280.0   15445     926     948     2641     3962     16947      1695  -0.04576    16416    0   slow
  290.0    2952       0       0     2641     3962     13817      1382   0.00000     4263    1   idle
  300.0   16943     -93     -85     2641     3962     13878      1388   0.00403    16846    0   slow
  310.0   16532     397     398     2641     3962     10763      1076   0.00000     3308    0  event
  320.0   16294     477     477     2641     3962     10751      1075   0.00000     3635    0  event
  330.0   17174      85      99     2641     3962     14178      1418  -0.00452    17259    0   slow

min_ts 全程最小=2641 最大=2661 末值=2641
1.5·min_ts 全程范围=3962~3992
level_ref 全程 min=2659 max=17001；0.1·level_ref 最大=1700
g: min=-0.49904 max=0.12404；g<0 占比=67.5% （其中 slow 态 g<0 占比=87.5%）
A_sum: min=0 max=19265 末值=15430；A_sum>0 帧占比=97.4%
idle_now 真帧=3676（10.84%）
  状态 idle   帧=  3693  idle_now 真=  3675（ 99.5%）  该态 off_p 中位=       0
  状态 event  帧= 12520  idle_now 真=     1（  0.0%）  该态 off_p 中位=     566
  状态 slow   帧= 17695  idle_now 真=     0（  0.0%）  该态 off_p 中位=     619

=== Q4 最终状态锁定检查：末 30 s 的 off / A_sum / g ===
  off_field 中位=173 范围=-109~675
  off_proto 中位=192 范围=-60~675
  A_sum 中位=14600  g 中位=-0.00081
  末 30 s 真实空载段占比=13.7%

=== 「越飘越远」判据：各平台 idle 段偏移是否复位 ===
  #    kind      t0      t1  pre_med  off_med  off_end
  0    idle    0.03    2.20     2646        0        0
  1    idle    2.24    5.26    12421      128       55
  2  loaded    5.26  111.06    16767     1006     1323
  3    idle  111.06  130.37    11435        0     -665
  4  loaded  130.41  137.04    16731     -489     -701
  5    idle  137.04  141.96     2996        0        0
  6  loaded  141.96  146.64    14267       -1      -24
  7    idle  146.64  151.92     3123      103      138
  8  loaded  151.96  211.14    17049      466      776
  9    idle  211.19  224.75     3092        0      -80
 10  loaded  224.79  287.29    17118      486     1009
 11    idle  287.29  292.74     2968        0        0
 12  loaded  292.79  302.68    16871        0     -206
 13    idle  302.68  308.07     2832        0        0
 14  loaded  308.07  314.83    16724      246       96
 15    idle  314.83  318.46     3033        0        0
 16  loaded  318.46  337.53    16541      144      442
