events total=214  frames=33908  tref=174016.337

[39~49 s 内全部事件]
count=10
  t=   38.68 REANCHOR                    t0=      - A_hat=         A_before= 18260.58 A_after= 16060.66 g_bef= -0.069798 g_aft= -0.079287 slow->slow C=
  t=   38.68 REVOKE                      t0=      - A_hat=         A_before= 16060.66 A_after= 16060.66 g_bef= -0.079261 g_aft= -0.079261 event->slow C=REVOKE_proto
  t=   41.99 NEW_EVENT    restep         t0=  41.83 A_hat=         A_before= 16060.66 A_after= 16060.66 g_bef= -0.075795 g_aft= -0.075795 slow->event C=
  t=   42.27 NEW_EVENT    restep_reload  t0=  41.83 A_hat=         A_before= 16060.66 A_after= 16060.66 g_bef= -0.075795 g_aft= -0.075795 event->event C=
  t=   45.35 HANDOFF      restep_reload  t0=  41.83 A_hat=2396.912 A_before= 16060.66 A_after= 18468.28 g_bef= -0.075795 g_aft= -0.059513 event->slow C=
  t=   45.35 REVOKE                      t0=      - A_hat=         A_before= 18468.28 A_after= 18468.28 g_bef= -0.059754 g_aft= -0.059754 event->slow C=REVOKE_proto
  t=   46.05 NEW_EVENT    decrease       t0=  45.81 A_hat=         A_before= 18468.28 A_after= 18468.28 g_bef= -0.066650 g_aft= -0.066650 slow->event C=
  t=   46.37 REANCHOR                    t0=      - A_hat=         A_before= 18468.28 A_after= 16151.31 g_bef= -0.066650 g_aft= -0.075765 slow->slow C=
  t=   46.37 REVOKE                      t0=      - A_hat=         A_before= 16151.31 A_after= 16151.31 g_bef= -0.075782 g_aft= -0.075782 event->slow C=REVOKE_proto
  t=   49.20 NEW_EVENT    restep         t0=  49.00 A_hat=         A_before= 16151.31 A_after= 16151.31 g_bef= -0.073204 g_aft= -0.073204 slow->event C=

[38~50 s 逐帧 0.1 s 采样：原型 vs 现场]
      t     pre    main   proto   off_f   off_p       d  state          kind    A_hat        g    A_sum   off_g   off_s
  38.03   17057   17816   18261     759    1204     445  event restep_reload 2441.484-0.065731 15850.75-1203.58    0.00
  38.12   17062   17767   18193     705    1131     425   slow                       -0.063292 18260.58    0.00-1130.93
  38.21   16454   17161   17588     707    1134     427   slow                       -0.063478 18260.58    0.00-1134.25
  38.33   14860   15627   16055     767    1195     428   slow                       -0.066894 18260.58    0.00-1195.29
  38.43   14814   15632   16061     818    1247     429  event      decrease    0.000-0.069798 18260.58    0.00    0.00
  38.52   14812   15630   16059     818    1247     429  event      decrease    0.000-0.069798 18260.58    0.00    0.00
  38.63   14818   15636   16065     818    1247     429  event      decrease    0.000-0.069798 18260.58    0.00    0.00
  38.71   14837   15653   16081     816    1244     428   slow                       -0.079261 16060.66    0.00-1243.92
  38.83   14832   15648   16076     816    1244     428   slow                       -0.079234 16060.66    0.00-1243.50
  38.91   14834   15649   16077     815    1243     428   slow                       -0.079185 16060.66    0.00-1242.72
  39.03   14809   15623   16051     814    1242     428   slow                       -0.079137 16060.66    0.00-1241.97
  39.11   14798   15612   16040     814    1242     428   slow                       -0.079138 16060.66    0.00-1241.98
  39.23   14794   15607   16036     813    1242     429   slow                       -0.079131 16060.66    0.00-1241.87
  39.31   14799   15612   16041     813    1242     429   slow                       -0.079131 16060.66    0.00-1241.88
  39.43   14794   15607   16036     813    1242     430   slow                       -0.079148 16060.66    0.00-1242.15
  39.51   14797   15610   16039     813    1242     429   slow                       -0.079141 16060.66    0.00-1242.03
  39.63   14798   15610   16040     812    1242     430   slow                       -0.079167 16060.66    0.00-1242.45
  39.73   14801   15613   16043     812    1242     430   slow                       -0.079161 16060.66    0.00-1242.34
  39.83   14807   15618   16049     811    1242     431   slow                       -0.079127 16060.66    0.00-1241.81
  39.91   14801   15612   16043     811    1242     431   slow                       -0.079149 16060.66    0.00-1242.17
  40.03   14803   15614   16046     811    1243     432   slow                       -0.079200 16060.66    0.00-1242.97
  40.10   14799   15610   16042     811    1243     432   slow                       -0.079207 16060.66    0.00-1243.07
  40.22   14808   15619   16051     811    1243     433   slow                       -0.079230 16060.66    0.00-1243.43
  40.30   14807   15618   16051     811    1244     433   slow                       -0.079237 16060.66    0.00-1243.54
  40.42   14807   15617   16051     810    1244     433   slow                       -0.079244 16060.66    0.00-1243.65
  40.50   14800   15610   16044     810    1244     434   slow                       -0.079242 16060.66    0.00-1243.62
  40.63   14801   15611   16045     810    1244     434   slow                       -0.079255 16060.66    0.00-1243.82
  40.70   14804   15614   16048     810    1244     434   slow                       -0.079260 16060.66    0.00-1243.90
  40.82   14801   15610   16045     809    1244     435   slow                       -0.079292 16060.66    0.00-1244.40
  40.90   14808   15617   16052     809    1244     435   slow                       -0.079268 16060.66    0.00-1244.03
  41.02   14800   15609   16044     809    1244     436   slow                       -0.079285 16060.66    0.00-1244.29
  41.10   14806   15614   16050     808    1244     436   slow                       -0.079248 16060.66    0.00-1243.72
  41.22   14802   15610   16046     808    1244     436   slow                       -0.079270 16060.66    0.00-1244.06
  41.35   14800   15608   16044     808    1244     436   slow                       -0.079275 16060.66    0.00-1244.14
  41.42   14804   15612   16048     808    1244     436   slow                       -0.079274 16060.66    0.00-1244.13
  41.54   14815   15623   16059     808    1244     436   slow                       -0.079264 16060.66    0.00-1243.97
  41.62   14819   15627   16063     808    1244     436   slow                       -0.079256 16060.66    0.00-1243.85
  41.74   14815   15623   16059     808    1244     436   slow                       -0.079254 16060.66    0.00-1243.81
  41.82   14823   15631   16067     808    1244     436   slow                       -0.079252 16060.66    0.00-1243.77
  41.91   16162   16951   17386     789    1224     435   slow                       -0.078012 16060.66    0.00-1224.32
  42.01   16563   17318   17753     755    1190     434   slow                       -0.075795 16060.66    0.00-1189.53
  42.15   16312   17121   17555     809    1243     434  event        restep 1659.840-0.075795 16060.66-1243.39    0.00
  42.22   16907   17740   18163     833    1256     423  event        restep 2301.003-0.075795 16060.66-1255.74    0.00
  42.33   16921   17726   18164     805    1243     437  event restep_reload 2336.126-0.075795 16060.66-1242.74    0.00
  42.43   16942   17766   18201     824    1259     435  event restep_reload 2365.296-0.075795 16060.66-1259.26    0.00
  42.51   16951   17816   18237     865    1286     421  event restep_reload 2375.520-0.075795 16060.66-1285.85    0.00
  42.62   16976   17918   18309     942    1333     391  event restep_reload 2394.904-0.075795 16060.66-1333.12    0.00
  42.71   16978   17975   18350     997    1372     374  event restep_reload 2396.912-0.075795 16060.66-1371.79    0.00
  42.83   16983   18036   18404    1053    1421     368  event restep_reload 2396.912-0.075795 16060.66-1421.04    0.00
  42.91   16998   18066   18436    1068    1438     371  event restep_reload 2396.912-0.075795 16060.66-1438.46    0.00
  43.02   16998   18066   18463    1068    1465     397  event restep_reload 2396.912-0.075795 16060.66-1465.22    0.00
  43.11   17024   18066   18468    1042    1444     403  event restep_reload 2396.912-0.075795 16060.66-1444.28    0.00
  43.21   17038   18066   18468    1028    1430     403  event restep_reload 2396.912-0.075795 16060.66-1430.28    0.00
  43.33   17053   18066   18468    1013    1415     403  event restep_reload 2396.912-0.075795 16060.66-1415.28    0.00
  43.41   17054   18066   18468    1012    1414     403  event restep_reload 2396.912-0.075795 16060.66-1414.28    0.00
  43.53   17070   18066   18468     996    1398     403  event restep_reload 2396.912-0.075795 16060.66-1398.28    0.00
  43.61   17077   18066   18468     989    1391     403  event restep_reload 2396.912-0.075795 16060.66-1391.28    0.00
  43.74   17096   18066   18468     970    1372     403  event restep_reload 2396.912-0.075795 16060.66-1372.28    0.00
  43.81   17097   18066   18468     969    1371     403  event restep_reload 2396.912-0.075795 16060.66-1371.28    0.00
  43.93   17096   18066   18468     970    1372     403  event restep_reload 2396.912-0.075795 16060.66-1372.28    0.00
  44.01   17097   18066   18468     969    1371     403  event restep_reload 2396.912-0.075795 16060.66-1371.28    0.00
  44.11   17106   18066   18468     960    1362     403  event restep_reload 2396.912-0.075795 16060.66-1362.28    0.00
  44.21   17106   18066   18468     960    1362     403  event restep_reload 2396.912-0.075795 16060.66-1362.28    0.00
  44.33   17108   18066   18468     958    1360     403  event restep_reload 2396.912-0.075795 16060.66-1360.28    0.00
  44.40   17114   18066   18468     952    1354     403  event restep_reload 2396.912-0.075795 16060.66-1354.28    0.00
  44.52   17114   18066   18468     952    1354     403  event restep_reload 2396.912-0.075795 16060.66-1354.28    0.00
  44.60   17122   18066   18468     944    1346     403  event restep_reload 2396.912-0.075795 16060.66-1346.28    0.00
  44.72   17122   18066   18468     944    1346     403  event restep_reload 2396.912-0.075795 16060.66-1346.28    0.00
  44.80   17131   18066   18468     935    1337     403  event restep_reload 2396.912-0.075795 16060.66-1337.28    0.00
  44.92   17133   18066   18468     933    1335     403  event restep_reload 2396.912-0.075795 16060.66-1335.28    0.00
  45.00   17129   18066   18468     937    1339     403  event restep_reload 2396.912-0.075795 16060.66-1339.28    0.00
  45.13   17136   18066   18468     930    1332     403  event restep_reload 2396.912-0.075795 16060.66-1332.28    0.00
  45.20   17137   18066   18468     929    1331     403  event restep_reload 2396.912-0.075795 16060.66-1331.28    0.00
  45.33   17144   18066   18468     922    1324     403  event restep_reload 2396.912-0.075795 16060.66-1324.28    0.00
  45.45   17140   17897   18226     757    1086     329   slow                       -0.060089 18468.28    0.00-1085.87
  45.52   17148   17908   18239     760    1091     331   slow                       -0.060391 18468.28    0.00-1091.32
  45.61   17145   17910   18244     765    1099     333   slow                       -0.060795 18468.28    0.00-1098.62
  45.73   17150   17922   18258     772    1108     336   slow                       -0.061289 18468.28    0.00-1107.55
  45.84   17304   18077   18417     773    1113     339   slow                       -0.061576 18468.28    0.00-1112.74
  45.93   15736   16514   16855     778    1119     342   slow                       -0.061939 18468.28    0.00-1119.29
  46.01   15039   15875   16218     836    1179     343   slow                       -0.065234 18468.28    0.00-1178.84
  46.14   14960   15843   16164     883    1204     321  event      decrease    0.000-0.066650 18468.28    0.00    0.00
  46.24   14951   15834   16155     883    1204     321  event      decrease    0.000-0.066650 18468.28    0.00    0.00
  46.32   14928   15811   16132     883    1204     321  event      decrease    0.000-0.066650 18468.28    0.00    0.00
  46.43   14931   15789   16114     858    1183     324   slow                       -0.075799 16151.31    0.00-1182.64
  46.51   14926   15784   16109     858    1183     324   slow                       -0.075791 16151.31    0.00-1182.51
  46.65   14905   15764   16089     859    1184     324   slow                       -0.075867 16151.31    0.00-1183.70
  46.71   14905   15765   16089     860    1184     324   slow                       -0.075905 16151.31    0.00-1184.30
  46.83   14940   15802   16126     862    1186     324   slow                       -0.075996 16151.31    0.00-1185.72
  46.91   14946   15809   16133     863    1187     324   slow                       -0.076053 16151.31    0.00-1186.61
  47.03   14935   15799   16123     864    1188     324   slow                       -0.076144 16151.31    0.00-1188.03
  47.11   14935   15800   16124     865    1189     324   slow                       -0.076214 16151.31    0.00-1189.12
  47.24   14938   15803   16129     865    1191     325   slow                       -0.076306 16151.31    0.00-1190.55
  47.31   14938   15804   16129     866    1191     326   slow                       -0.076360 16151.31    0.00-1191.39
  47.43   14936   15802   16129     866    1193     326   slow                       -0.076450 16151.31    0.00-1192.80
  47.51   14930   15796   16123     866    1193     327   slow                       -0.076492 16151.31    0.00-1193.45
  47.63   14930   15797   16125     867    1195     328   slow                       -0.076575 16151.31    0.00-1194.74
  47.71   14936   15803   16131     867    1195     328   slow                       -0.076612 16151.31    0.00-1195.32
  47.83   14932   15800   16128     868    1196     328   slow                       -0.076658 16151.31    0.00-1196.05
  47.91   14941   15809   16137     868    1196     328   slow                       -0.076686 16151.31    0.00-1196.48
  48.03   14901   15770   16098     869    1197     328   slow                       -0.076689 16151.31    0.00-1196.52
  48.11   14905   15774   16102     869    1197     328   slow                       -0.076731 16151.31    0.00-1197.18
  48.23   14909   15778   16107     869    1198     328   slow                       -0.076768 16151.31    0.00-1197.76
  48.31   14912   15781   16110     869    1198     329   slow                       -0.076790 16151.31    0.00-1198.10
  48.43   14918   15787   16116     869    1198     329   slow                       -0.076803 16151.31    0.00-1198.31
  48.51   14919   15788   16118     869    1199     330   slow                       -0.076837 16151.31    0.00-1198.83
  48.63   14931   15800   16130     869    1199     330   slow                       -0.076852 16151.31    0.00-1199.08
  48.71   14934   15803   16133     869    1199     331   slow                       -0.076871 16151.31    0.00-1199.37
  48.83   14963   15831   16162     868    1199     331   slow                       -0.076849 16151.31    0.00-1199.02
  48.90   14943   15811   16142     868    1199     331   slow                       -0.076859 16151.31    0.00-1199.18
  49.01   14929   15797   16129     868    1200     331   slow                       -0.076901 16151.31    0.00-1199.84
  49.13   16310   17165   17505     855    1195     341   slow                       -0.076615 16151.31    0.00-1195.37
  49.21   16964   17775   18117     811    1153     341   slow                       -0.073883 16151.31    0.00-1152.75
  49.31   16670   17541   17882     871    1212     341  event        restep 1956.080-0.073204 16151.31-1211.77    0.00
  49.42   16682   17577   17919     895    1237     342  event        restep 1969.520-0.073204 16151.31-1236.79    0.00
  49.50   16701   17627   17964     926    1263     337  event        restep 1990.800-0.073204 16151.31-1263.46    0.00
  49.62   16714   17698   18025     984    1311     327  event        restep 2005.360-0.073204 16151.31-1311.44    0.00
  49.71   16713   17737   18058    1024    1345     321  event        restep 2004.240-0.073204 16151.31-1345.24    0.00
  49.82   16735   17803   18122    1068    1387     319  event        restep 2028.880-0.073204 16151.31-1387.17    0.00
  49.95   16736   17822   18153    1086    1417     331  event        restep 2030.000-0.073204 16151.31-1416.60    0.00

[|d|>150 ADC 的分岔区段（逐帧，30 帧合并）]
  t=  10.65~ 111.74 ( 101.1s)  d 中位=     416 RMS=     410  max|d|=    1698 off_f 中位=    1010 off_p 中位=    1402
  t= 126.27~ 126.27 (   0.0s)  d 中位=     159 RMS=     159  max|d|=     159 off_f 中位=    -414 off_p 中位=    -255
  t= 130.56~ 130.82 (   0.3s)  d 中位=       0 RMS=     281  max|d|=     752 off_f 中位=       0 off_p 中位=    -623
  t= 165.37~ 165.37 (   0.0s)  d 中位=     178 RMS=     178  max|d|=     178 off_f 中位=    -178 off_p 中位=       0
  t= 166.37~ 167.05 (   0.7s)  d 中位=    -168 RMS=     166  max|d|=     179 off_f 中位=     185 off_p 中位=      19
  t= 175.41~ 175.61 (   0.2s)  d 中位=     -13 RMS=     132  max|d|=     221 off_f 中位=     269 off_p 中位=     244
  t= 186.94~ 187.14 (   0.2s)  d 中位=       4 RMS=     243  max|d|=     461 off_f 中位=     466 off_p 中位=     464
  t= 202.65~ 202.83 (   0.2s)  d 中位=     107 RMS=     455  max|d|=     679 off_f 中位=     571 off_p 中位=     679
  t= 236.22~ 236.48 (   0.3s)  d 中位=      47 RMS=     100  max|d|=     156 off_f 中位=     117 off_p 中位=     156
  t= 244.13~ 244.16 (   0.0s)  d 中位=     162 RMS=     162  max|d|=     164 off_f 中位=       0 off_p 中位=     162
  t= 251.68~ 251.71 (   0.0s)  d 中位=     456 RMS=     456  max|d|=     457 off_f 中位=       0 off_p 中位=     456
  t= 261.86~ 262.15 (   0.3s)  d 中位=      72 RMS=     241  max|d|=     611 off_f 中位=     534 off_p 中位=     611
  t= 271.90~ 271.93 (   0.0s)  d 中位=     993 RMS=     893  max|d|=     993 off_f 中位=       0 off_p 中位=     993
  t= 283.86~ 283.86 (   0.0s)  d 中位=     943 RMS=     943  max|d|=     943 off_f 中位=       0 off_p 中位=     943
  t= 287.63~ 287.67 (   0.0s)  d 中位=    -200 RMS=     200  max|d|=     201 off_f 中位=    1252 off_p 中位=    1052
  t= 326.64~ 326.83 (   0.2s)  d 中位=     227 RMS=     221  max|d|=     243 off_f 中位=     -13 off_p 中位=     228

[41.5~47.5 s 逐 0.1 s：现场 vs 原型 + 内部状态]
      t     pre    main   proto   off_f   off_p      d state  kind              A_hat        g   A_sum idle
  41.54   14815   15623   16059     808    1244    436 slow                          -0.079264   16061    0
  41.62   14819   15627   16063     808    1244    436 slow                          -0.079256   16061    0
  41.74   14815   15623   16059     808    1244    436 slow                          -0.079254   16061    0
  41.82   14823   15631   16067     808    1244    436 slow                          -0.079252   16061    0
  41.91   16162   16951   17386     789    1224    435 slow                          -0.078012   16061    0
  42.01   16563   17318   17753     755    1190    434 slow                          -0.075795   16061    0
  42.15   16312   17121   17555     809    1243    434 event  restep         1659.840-0.075795   16061    0
  42.22   16907   17740   18163     833    1256    423 event  restep         2301.003-0.075795   16061    0
  42.33   16921   17726   18164     805    1243    437 event  restep_reload  2336.126-0.075795   16061    0
  42.43   16942   17766   18201     824    1259    435 event  restep_reload  2365.296-0.075795   16061    0
  42.51   16951   17816   18237     865    1286    421 event  restep_reload  2375.520-0.075795   16061    0
  42.62   16976   17918   18309     942    1333    391 event  restep_reload  2394.904-0.075795   16061    0
  42.71   16978   17975   18350     997    1372    374 event  restep_reload  2396.912-0.075795   16061    0
  42.83   16983   18036   18404    1053    1421    368 event  restep_reload  2396.912-0.075795   16061    0
  42.91   16998   18066   18436    1068    1438    371 event  restep_reload  2396.912-0.075795   16061    0
  43.02   16998   18066   18463    1068    1465    397 event  restep_reload  2396.912-0.075795   16061    0
  43.11   17024   18066   18468    1042    1444    403 event  restep_reload  2396.912-0.075795   16061    0
  43.21   17038   18066   18468    1028    1430    403 event  restep_reload  2396.912-0.075795   16061    0
  43.33   17053   18066   18468    1013    1415    403 event  restep_reload  2396.912-0.075795   16061    0
  43.41   17054   18066   18468    1012    1414    403 event  restep_reload  2396.912-0.075795   16061    0
  43.53   17070   18066   18468     996    1398    403 event  restep_reload  2396.912-0.075795   16061    0
  43.61   17077   18066   18468     989    1391    403 event  restep_reload  2396.912-0.075795   16061    0
  43.74   17096   18066   18468     970    1372    403 event  restep_reload  2396.912-0.075795   16061    0
  43.81   17097   18066   18468     969    1371    403 event  restep_reload  2396.912-0.075795   16061    0
  43.93   17096   18066   18468     970    1372    403 event  restep_reload  2396.912-0.075795   16061    0
  44.01   17097   18066   18468     969    1371    403 event  restep_reload  2396.912-0.075795   16061    0
  44.11   17106   18066   18468     960    1362    403 event  restep_reload  2396.912-0.075795   16061    0
  44.21   17106   18066   18468     960    1362    403 event  restep_reload  2396.912-0.075795   16061    0
  44.33   17108   18066   18468     958    1360    403 event  restep_reload  2396.912-0.075795   16061    0
  44.40   17114   18066   18468     952    1354    403 event  restep_reload  2396.912-0.075795   16061    0
  44.52   17114   18066   18468     952    1354    403 event  restep_reload  2396.912-0.075795   16061    0
  44.60   17122   18066   18468     944    1346    403 event  restep_reload  2396.912-0.075795   16061    0
  44.72   17122   18066   18468     944    1346    403 event  restep_reload  2396.912-0.075795   16061    0
  44.80   17131   18066   18468     935    1337    403 event  restep_reload  2396.912-0.075795   16061    0
  44.92   17133   18066   18468     933    1335    403 event  restep_reload  2396.912-0.075795   16061    0
  45.00   17129   18066   18468     937    1339    403 event  restep_reload  2396.912-0.075795   16061    0
  45.13   17136   18066   18468     930    1332    403 event  restep_reload  2396.912-0.075795   16061    0
  45.20   17137   18066   18468     929    1331    403 event  restep_reload  2396.912-0.075795   16061    0
  45.33   17144   18066   18468     922    1324    403 event  restep_reload  2396.912-0.075795   16061    0
  45.45   17140   17897   18226     757    1086    329 slow                          -0.060089   18468    0
  45.52   17148   17908   18239     760    1091    331 slow                          -0.060391   18468    0
  45.61   17145   17910   18244     765    1099    333 slow                          -0.060795   18468    0
  45.73   17150   17922   18258     772    1108    336 slow                          -0.061289   18468    0
  45.84   17304   18077   18417     773    1113    339 slow                          -0.061576   18468    0
  45.93   15736   16514   16855     778    1119    342 slow                          -0.061939   18468    0
  46.01   15039   15875   16218     836    1179    343 slow                          -0.065234   18468    0
  46.14   14960   15843   16164     883    1204    321 event  decrease          0.000-0.066650   18468    0
  46.24   14951   15834   16155     883    1204    321 event  decrease          0.000-0.066650   18468    0
  46.32   14928   15811   16132     883    1204    321 event  decrease          0.000-0.066650   18468    0
  46.43   14931   15789   16114     858    1183    324 slow                          -0.075799   16151    0
  46.51   14926   15784   16109     858    1183    324 slow                          -0.075791   16151    0
  46.65   14905   15764   16089     859    1184    324 slow                          -0.075867   16151    0
  46.71   14905   15765   16089     860    1184    324 slow                          -0.075905   16151    0
  46.83   14940   15802   16126     862    1186    324 slow                          -0.075996   16151    0
  46.91   14946   15809   16133     863    1187    324 slow                          -0.076053   16151    0
  47.03   14935   15799   16123     864    1188    324 slow                          -0.076144   16151    0
  47.11   14935   15800   16124     865    1189    324 slow                          -0.076214   16151    0
  47.24   14938   15803   16129     865    1191    325 slow                          -0.076306   16151    0
  47.31   14938   15804   16129     866    1191    326 slow                          -0.076360   16151    0
  47.43   14936   15802   16129     866    1193    326 slow                          -0.076450   16151    0
  47.51   14930   15796   16123     866    1193    327 slow                          -0.076492   16151    0

[全录制 |d| 分位]
  p50  |d| =     42.1 ADC
  p75  |d| =    351.2 ADC
  p90  |d| =    436.0 ADC
  p95  |d| =    451.4 ADC
  p99  |d| =    472.4 ADC
  p100 |d| =   1698.1 ADC
  d>150 帧占比 = 30.3%  d<50 帧占比 = 53.3%

[首次 |d|>100 的帧]
  i=1068 t=10.647s d=509.3  state=event kind=restep

[9~12 s 逐帧：分歧起点]
      t     pre    main   proto   off_f   off_p       d  state  kind              A_hat        g    A_sum     off_g   off_s
   9.00   13872   14468   14491     596     619      23  slow                          -0.045578 13912.73      0.00 -619.19
   9.00   13849   14445   14468     596     619      23  slow                          -0.045578 13912.73      0.00 -619.19
   9.00   13873   14469   14492     596     619      23  slow                          -0.045578 13912.73      0.00 -619.19
   9.00   13850   14446   14469     596     619      23  slow                          -0.045578 13912.73      0.00 -619.19
   9.04   13876   14464   14487     588     611      23  slow                          -0.044984 13912.73      0.00 -611.12
   9.04   13851   14439   14462     588     611      23  slow                          -0.044984 13912.73      0.00 -611.12
   9.04   13877   14465   14488     588     611      23  slow                          -0.044984 13912.73      0.00 -611.12
   9.04   13855   14443   14466     588     611      23  slow                          -0.044984 13912.73      0.00 -611.12
   9.08   13878   14459   14481     581     603      23  slow                          -0.044396 13912.73      0.00 -603.13
   9.08   13858   14439   14461     581     603      23  slow                          -0.044396 13912.73      0.00 -603.13
   9.08   13880   14461   14483     581     603      23  slow                          -0.044396 13912.73      0.00 -603.13
   9.08   13857   14438   14460     581     603      23  slow                          -0.044396 13912.73      0.00 -603.13
   9.13   13877   14448   14470     571     593      22  slow                          -0.043665 13912.73      0.00 -593.20
   9.13   13852   14423   14445     571     593      22  slow                          -0.043665 13912.73      0.00 -593.20
   9.13   13882   14453   14475     571     593      22  slow                          -0.043665 13912.73      0.00 -593.20
   9.13   13858   14429   14451     571     593      22  slow                          -0.043665 13912.73      0.00 -593.20
   9.19   13876   14435   14457     559     581      22  slow                          -0.042792 13912.73      0.00 -581.34
   9.19   13857   14416   14438     559     581      22  slow                          -0.042792 13912.73      0.00 -581.34
   9.19   13876   14435   14457     559     581      22  slow                          -0.042792 13912.73      0.00 -581.34
   9.19   13855   14414   14436     559     581      22  slow                          -0.042792 13912.73      0.00 -581.34
   9.21   13878   14434   14456     556     578      22  slow                          -0.042527 13912.73      0.00 -577.73
   9.21   13850   14406   14428     556     578      22  slow                          -0.042526 13912.73      0.00 -577.73
   9.21   13877   14433   14455     556     578      22  slow                          -0.042526 13912.73      0.00 -577.73
   9.21   13854   14410   14432     556     578      22  slow                          -0.042526 13912.73      0.00 -577.73
   9.24   13875   14425   14447     550     572      22  slow                          -0.042112 13912.73      0.00 -572.11
   9.24   13857   14407   14429     550     572      22  slow                          -0.042111 13912.73      0.00 -572.09
   9.24   13879   14429   14451     550     572      22  slow                          -0.042111 13912.73      0.00 -572.09
   9.24   13858   14408   14430     550     572      22  slow                          -0.042111 13912.73      0.00 -572.09
   9.28   13879   14422   14444     543     565      22  slow                          -0.041556 13912.73      0.00 -564.55
   9.28   13859   14402   14424     543     565      22  slow                          -0.041556 13912.73      0.00 -564.55
   9.28   13876   14419   14441     543     565      22  slow                          -0.041556 13912.73      0.00 -564.55
   9.28   13854   14397   14419     543     565      22  slow                          -0.041556 13912.73      0.00 -564.55
   9.32   13877   14412   14434     535     557      22  slow                          -0.041013 13912.73      0.00 -557.17
   9.32   13855   14390   14412     535     557      22  slow                          -0.041012 13912.73      0.00 -557.16
   9.32   13873   14408   14430     535     557      22  slow                          -0.041012 13912.73      0.00 -557.16
   9.32   13851   14386   14408     535     557      22  slow                          -0.041012 13912.73      0.00 -557.16
   9.36   13873   14401   14423     528     550      22  slow                          -0.040497 13912.73      0.00 -550.16
   9.36   13855   14383   14405     528     550      22  slow                          -0.040496 13912.73      0.00 -550.15
   9.36   13874   14402   14424     528     550      22  slow                          -0.040496 13912.73      0.00 -550.15
   9.36   13852   14380   14402     528     550      22  slow                          -0.040496 13912.73      0.00 -550.15
   9.41   13873   14394   14415     521     542      22  slow                          -0.039907 13912.73      0.00 -542.15
   9.41   13850   14371   14392     521     542      22  slow                          -0.039907 13912.73      0.00 -542.15
   9.41   13872   14393   14414     521     542      22  slow                          -0.039907 13912.73      0.00 -542.15
   9.41   13854   14375   14396     521     542      22  slow                          -0.039907 13912.73      0.00 -542.15
   9.44   13877   14391   14413     514     536      21  slow                          -0.039439 13912.73      0.00 -535.79
   9.44   13852   14366   14388     514     536      21  slow                          -0.039439 13912.73      0.00 -535.78
   9.44   13877   14391   14413     514     536      21  slow                          -0.039439 13912.73      0.00 -535.78
   9.44   13860   14374   14396     514     536      21  slow                          -0.039439 13912.73      0.00 -535.78
   9.48   13876   14383   14405     507     529      21  slow                          -0.038926 13912.73      0.00 -528.82
   9.48   13857   14364   14386     507     529      21  slow                          -0.038926 13912.73      0.00 -528.82
   9.48   13883   14390   14412     507     529      21  slow                          -0.038926 13912.73      0.00 -528.82
   9.48   13862   14369   14391     507     529      21  slow                          -0.038926 13912.73      0.00 -528.82
   9.52   13882   14383   14404     501     522      21  slow                          -0.038419 13912.73      0.00 -521.93
   9.52   13862   14363   14384     501     522      21  slow                          -0.038418 13912.73      0.00 -521.92
   9.52   13882   14383   14404     501     522      21  slow                          -0.038418 13912.73      0.00 -521.92
   9.52   13864   14365   14386     501     522      21  slow                          -0.038418 13912.73      0.00 -521.92
   9.56   13886   14380   14401     494     515      21  slow                          -0.037917 13912.73      0.00 -515.11
   9.56   13868   14362   14383     494     515      21  slow                          -0.037917 13912.73      0.00 -515.11
   9.56   13887   14381   14402     494     515      21  slow                          -0.037917 13912.73      0.00 -515.10
   9.56   13866   14360   14381     494     515      21  slow                          -0.037917 13912.73      0.00 -515.10
   9.60   13888   14375   14396     487     508      21  slow                          -0.037427 13912.73      0.00 -508.45
   9.60   13871   14358   14379     487     508      21  slow                          -0.037426 13912.73      0.00 -508.45
   9.60   13884   14371   14392     487     508      21  slow                          -0.037426 13912.73      0.00 -508.45
   9.60   13870   14357   14378     487     508      21  slow                          -0.037426 13912.73      0.00 -508.45
   9.64   13888   14369   14390     481     502      21  slow                          -0.036935 13912.73      0.00 -501.77
   9.64   13869   14350   14371     481     502      21  slow                          -0.036935 13912.73      0.00 -501.77
   9.64   13892   14373   14394     481     502      21  slow                          -0.036935 13912.73      0.00 -501.77
   9.64   13873   14354   14375     481     502      21  slow                          -0.036935 13912.73      0.00 -501.77
   9.68   13889   14364   14385     475     496      21  slow                          -0.036516 13912.73      0.00 -496.08
   9.68   13871   14346   14367     475     496      21  slow                          -0.036516 13912.73      0.00 -496.08
   9.68   13891   14366   14387     475     496      21  slow                          -0.036516 13912.73      0.00 -496.08
   9.68   13872   14347   14368     475     496      21  slow                          -0.036516 13912.73      0.00 -496.08
   9.72   13891   14360   14381     469     490      21  slow                          -0.036033 13912.73      0.00 -489.52
   9.72   13870   14339   14360     469     490      21  slow                          -0.036033 13912.73      0.00 -489.52
   9.72   13889   14358   14379     469     490      21  slow                          -0.036033 13912.73      0.00 -489.52
   9.72   13879   14348   14369     469     490      21  slow                          -0.036033 13912.73      0.00 -489.52
   9.76   13890   14352   14373     462     483      21  slow                          -0.035557 13912.73      0.00 -483.05
   9.76   13871   14333   14354     462     483      21  slow                          -0.035556 13912.73      0.00 -483.04
   9.76   13888   14350   14371     462     483      21  slow                          -0.035556 13912.73      0.00 -483.04
   9.76   13881   14343   14364     462     483      21  slow                          -0.035556 13912.73      0.00 -483.04
   9.80   13890   14346   14367     456     477      20  slow                          -0.035098 13912.73      0.00 -476.82
   9.80   13877   14333   14354     456     477      20  slow                          -0.035098 13912.73      0.00 -476.82
   9.80   13892   14348   14369     456     477      20  slow                          -0.035098 13912.73      0.00 -476.82
   9.80   13882   14338   14359     456     477      20  slow                          -0.035098 13912.73      0.00 -476.82
   9.84   13896   14346   14367     450     471      20  slow                          -0.034639 13912.73      0.00 -470.58
   9.84   13884   14334   14355     450     471      20  slow                          -0.034639 13912.73      0.00 -470.58
   9.84   13895   14345   14366     450     471      20  slow                          -0.034639 13912.73      0.00 -470.58
   9.84   13885   14335   14356     450     471      20  slow                          -0.034639 13912.73      0.00 -470.58
   9.88   13898   14341   14362     443     464      20  slow                          -0.034118 13912.73      0.00 -463.50
   9.88   13882   14325   14346     443     464      20  slow                          -0.034118 13912.73      0.00 -463.50
   9.88   13894   14337   14358     443     464      20  slow                          -0.034118 13912.73      0.00 -463.50
   9.88   13888   14331   14352     443     464      20  slow                          -0.034118 13912.73      0.00 -463.50
   9.92   13898   14335   14355     437     457      20  slow                          -0.033675 13912.73      0.00 -457.48
   9.92   13888   14325   14345     437     457      20  slow                          -0.033675 13912.73      0.00 -457.48
   9.92   13899   14336   14356     437     457      20  slow                          -0.033675 13912.73      0.00 -457.48
   9.92   13890   14327   14347     437     457      20  slow                          -0.033675 13912.73      0.00 -457.48
   9.96   13904   14336   14356     432     452      20  slow                          -0.033279 13912.73      0.00 -452.11
   9.96   13898   14330   14350     432     452      20  slow                          -0.033279 13912.73      0.00 -452.10
   9.96   13900   14332   14352     432     452      20  slow                          -0.033279 13912.73      0.00 -452.10
   9.96   13895   14327   14347     432     452      20  slow                          -0.033279 13912.73      0.00 -452.10
  10.00   13908   14334   14354     426     446      20  slow                          -0.032835 13912.73      0.00 -446.07
  10.00   13902   14328   14348     426     446      20  slow                          -0.032835 13912.73      0.00 -446.07
  10.00   13907   14333   14353     426     446      20  slow                          -0.032835 13912.73      0.00 -446.07
  10.00   13895   14321   14341     426     446      20  slow                          -0.032835 13912.73      0.00 -446.07
  10.04   13906   14326   14346     420     440      20  slow                          -0.032409 13912.73      0.00 -440.28
  10.04   13900   14320   14340     420     440      20  slow                          -0.032409 13912.73      0.00 -440.28
  10.04   13914   14334   14354     420     440      20  slow                          -0.032409 13912.73      0.00 -440.28
  10.04   13924   14344   14364     420     440      20  slow                          -0.032409 13912.73      0.00 -440.28
  10.08   13934   14349   14369     415     435      20  slow                          -0.032002 13912.73      0.00 -434.76
  10.08   13940   14355   14375     415     435      20  slow                          -0.032002 13912.73      0.00 -434.75
  10.08   13944   14359   14379     415     435      20  slow                          -0.032002 13912.73      0.00 -434.75
  10.08   13933   14348   14368     415     435      20  slow                          -0.032002 13912.73      0.00 -434.75
  10.12   13941   14351   14371     410     430      20  slow                          -0.031625 13912.73      0.00 -429.63
  10.12   13942   14352   14372     410     430      20  slow                          -0.031625 13912.73      0.00 -429.63
  10.12   13952   14362   14382     410     430      20  slow                          -0.031625 13912.73      0.00 -429.63
  10.12   13935   14345   14365     410     430      20  slow                          -0.031625 13912.73      0.00 -429.63
  10.18   13942   14345   14364     403     422      19  slow                          -0.031073 13912.73      0.00 -422.14
  10.18   13944   14347   14366     403     422      19  slow                          -0.031073 13912.73      0.00 -422.13
  10.18   13943   14346   14365     403     422      19  slow                          -0.031073 13912.73      0.00 -422.13
  10.18   13951   14354   14373     403     422      19  slow                          -0.031073 13912.73      0.00 -422.13
  10.20   13949   14349   14369     400     420      19  slow                          -0.030891 13912.73      0.00 -419.67
  10.20   13951   14351   14371     400     420      19  slow                          -0.030891 13912.73      0.00 -419.67
  10.20   13952   14352   14372     400     420      19  slow                          -0.030891 13912.73      0.00 -419.67
  10.20   13953   14353   14373     400     420      19  slow                          -0.030891 13912.73      0.00 -419.67
  10.24   13954   14349   14369     395     415      19  slow                          -0.030542 13912.73      0.00 -414.92
  10.24   13954   14349   14369     395     415      19  slow                          -0.030542 13912.73      0.00 -414.92
  10.24   13953   14348   14368     395     415      19  slow                          -0.030542 13912.73      0.00 -414.92
  10.24   13952   14347   14367     395     415      19  slow                          -0.030542 13912.73      0.00 -414.92
  10.28   13951   14341   14361     390     410      20  slow                          -0.030180 13912.73      0.00 -410.00
  10.28   13954   14344   14364     390     410      20  slow                          -0.030179 13912.73      0.00 -409.99
  10.28   13952   14342   14362     390     410      20  slow                          -0.030179 13912.73      0.00 -409.99
  10.28   13960   14350   14370     390     410      20  slow                          -0.030179 13912.73      0.00 -409.99
  10.32   15701   16086   16106     385     405      20  slow                          -0.029780 13912.73      0.00 -404.57
  10.32   10327   10712   10732     385     405      20  slow                          -0.029781 13912.73      0.00 -404.58
  10.32   13237   13622   13642     385     405      20  slow                          -0.029781 13912.73      0.00 -404.58
  10.32   13276   13661   13681     385     405      20  slow                          -0.029781 13912.73      0.00 -404.58
  10.36   15343   15717   15738     374     395      22  slow                          -0.029099 13912.73      0.00 -395.32
  10.36   15028   15402   15423     374     395      22  slow                          -0.029099 13912.73      0.00 -395.32
  10.36   15549   15923   15944     374     395      22  slow                          -0.029099 13912.73      0.00 -395.32
  10.36   15227   15601   15622     374     395      22  slow                          -0.029099 13912.73      0.00 -395.32
  10.41   15300   15660   15681     360     381      22  slow                          -0.028071 13912.73      0.00 -381.36
  10.41   14729   15089   15110     360     381      22  slow                          -0.028070 13912.73      0.00 -381.34
  10.41   14827   15187   15208     360     381      22  slow                          -0.028070 13912.73      0.00 -381.34
  10.41   14889   15249   15270     360     381      22  slow                          -0.028070 13912.73      0.00 -381.34
  10.46   14984   15332   15356     348     372      24  slow                          -0.027346 13912.73      0.00 -371.51
  10.46   14966   15314   15338     348     372      24  slow                          -0.027346 13912.73      0.00 -371.50
  10.46   14804   15152   15176     348     372      24  slow                          -0.027346 13912.73      0.00 -371.50
  10.46   14750   15098   15122     348     372      24  slow                          -0.027346 13912.73      0.00 -371.50
  10.48   14880   15223   15249     343     369      26  slow                          -0.027184 13912.73      0.00 -369.30
  10.48   14952   15295   15321     343     369      26  slow                          -0.027183 13912.73      0.00 -369.29
  10.48   15014   15357   15383     343     369      26  slow                          -0.027183 13912.73      0.00 -369.29
  10.48   15154   15497   15523     343     369      26  slow                          -0.027183 13912.73      0.00 -369.29
  10.52   15283   15613   15645     330     362      32  slow                          -0.026628 13912.73      0.00 -361.75
  10.52   15420   15750   15782     330     362      32  slow                          -0.026628 13912.73      0.00 -361.75
  10.52   15719   16049   16081     330     362      32  slow                          -0.026628 13912.73      0.00 -361.75
  10.52   15830   16160   16192     330     362      32  slow                          -0.026628 13912.73      0.00 -361.75
  10.56   16025   16326   16358     301     333      32  slow                          -0.024493 13912.73      0.00 -332.75
  10.56   16160   16461   16493     301     333      32  slow                          -0.024493 13912.73      0.00 -332.74
  10.56   16025   16326   16358     301     333      32  slow                          -0.024493 13912.73      0.00 -332.74
  10.56   15993   16294   16326     301     333      32  slow                          -0.024493 13912.73      0.00 -332.74
  10.61   16046   16309   16345     263     299      36  slow                          -0.022007 13912.73      0.00 -298.97
  10.61   16013   16276   16312     263     299      36  slow                          -0.022006 13912.73      0.00 -298.96
  10.61   15805   16068   16104     263     299      36  slow                          -0.022006 13912.73      0.00 -298.96
  10.61   15759   16022   16058     263     299      36  slow                          -0.022006 13912.73      0.00 -298.96
  10.65   15737   15982   16491     245     754     509  event  restep         2376.640-0.022006 13912.73   -753.94    0.00
  10.65   15750   15750   16504       0     754     754  event  restep         2391.200-0.022006 13912.73   -753.94    0.00
  10.65   15716   15716   16470       0     754     754  event  restep         2353.120-0.022006 13912.73   -753.94    0.00
  10.65   15746   15746   16500       0     754     754  event  restep         2386.720-0.022006 13912.73   -753.94    0.00
  10.68   15744   15744   16500       0     756     756  event  restep         2384.480-0.022006 13912.73   -756.25    0.00
  10.68   15803   16198   16559     395     756     361  event  restep         2450.560-0.022006 13912.73   -756.32    0.00
  10.68   15835   16230   16591     395     756     361  event  restep         2486.400-0.022006 13912.73   -756.35    0.00
  10.68   15870   16265   16626     395     756     361  event  restep         2525.600-0.022006 13912.73   -756.39    0.00
  10.72   15879   16282   16647     403     768     365  event  restep         2535.680-0.022006 13912.73   -767.56    0.00
  10.72   15922   16325   16690     403     768     365  event  restep         2583.840-0.022006 13912.73   -767.76    0.00
  10.72   15931   16334   16699     403     768     365  event  restep         2593.920-0.022006 13912.73   -767.87    0.00
  10.72   15955   16358   16723     403     768     365  event  restep         2620.800-0.022006 13912.73   -768.02    0.00
  10.76   15945   16365   16730     420     785     365  event  restep         2609.600-0.022006 13912.73   -784.76    0.00
  10.76   15967   16387   16752     420     785     365  event  restep         2634.240-0.022006 13912.73   -784.97    0.00
  10.76   15955   16375   16740     420     785     365  event  restep         2620.800-0.022006 13912.73   -784.90    0.00
  10.76   15973   16393   16758     420     785     365  event  restep         2640.960-0.022006 13912.73   -785.11    0.00
  10.79   15953   16397   16758     444     805     362  event  restep         2618.560-0.022006 13912.73   -805.26    0.00
  10.79   15965   16409   16770     444     805     362  event  restep         2632.000-0.022006 13912.73   -805.47    0.00
  10.79   15951   16395   16756     444     805     362  event  restep         2616.320-0.022006 13912.73   -805.26    0.00
  10.79   15968   16412   16773     444     805     362  event  restep         2635.360-0.022006 13912.73   -805.47    0.00
  10.83   15953   16429   16785     476     832     357  event  restep         2618.560-0.022006 13912.73   -832.38    0.00
  10.83   15975   16451   16808     476     833     357  event  restep         2643.200-0.022006 13912.73   -832.59    0.00
  10.83   15956   16432   16788     476     832     357  event  restep         2621.920-0.022006 13912.73   -832.49    0.00
  10.83   15979   16455   16812     476     833     357  event  restep         2647.680-0.022006 13912.73   -832.70    0.00
  10.87   15964   16476   16827     512     863     351  event  restep         2630.880-0.022006 13912.73   -862.93    0.00
  10.87   15978   16490   16841     512     863     351  event  restep         2646.560-0.022006 13912.73   -863.14    0.00
  10.87   15962   16474   16825     512     863     351  event  restep         2628.640-0.022006 13912.73   -862.93    0.00
  10.87   15986   16498   16849     512     863     351  event  restep         2655.520-0.022006 13912.73   -863.15    0.00
  10.93   15963   16523   16870     560     907     346  event  restep         2629.760-0.022006 13912.73   -906.53    0.00
  10.93   15989   16550   16896     561     907     346  event  restep         2658.880-0.022006 13912.73   -906.75    0.00
  10.93   15972   16533   16879     561     907     346  event  restep         2639.840-0.022006 13912.73   -906.96    0.00
  10.93   15996   16557   16903     561     907     346  event  restep         2666.720-0.022006 13912.73   -907.17    0.00
  10.97   15979   16579   16925     600     946     346  event  restep         2647.680-0.022006 13912.73   -945.85    0.00
  10.98   15991   16591   16937     600     946     346  event  restep         2661.120-0.022006 13912.73   -946.06    0.00
  10.98   15976   16576   16922     600     946     346  event  restep         2644.320-0.022006 13912.73   -945.85    0.00
  10.98   16003   16603   16949     600     946     346  event  restep         2674.560-0.022006 13912.73   -946.06    0.00
  11.01   15987   16608   16958     621     971     350  event  restep         2656.640-0.022006 13912.73   -971.08    0.00
  11.01   16006   16627   16977     621     971     350  event  restep         2677.920-0.022006 13912.73   -971.29    0.00
  11.01   15987   16608   16958     621     971     350  event  restep         2656.640-0.022006 13912.73   -971.11    0.00
  11.01   16018   16639   16989     621     971     350  event  restep         2691.360-0.022006 13912.73   -971.33    0.00
  11.06   15988   16626   16991     638    1003     364  event  restep         2657.760-0.022006 13912.73  -1002.63    0.00
  11.06   16034   16672   17037     638    1003     364  event  restep         2709.280-0.022006 13912.73  -1002.84    0.00
  11.06   16029   16668   17032     639    1003     365  event  restep         2703.680-0.022006 13912.73  -1003.06    0.00
  11.06   16041   16680   17044     639    1003     365  event  restep         2717.120-0.022006 13912.73  -1003.28    0.00
  11.08   16007   16649   17021     642    1014     372  event  restep         2679.040-0.022006 13912.73  -1014.04    0.00
  11.08   16024   16666   17038     642    1014     372  event  restep         2698.080-0.022006 13912.73  -1014.25    0.00
  11.08   16003   16645   17017     642    1014     372  event  restep         2674.560-0.022006 13912.73  -1014.04    0.00
  11.08   16018   16660   17032     642    1014     372  event  restep         2691.360-0.022006 13912.73  -1014.25    0.00
  11.13   16014   16657   17048     643    1034     392  event  restep         2686.880-0.022006 13912.73  -1034.39    0.00
  11.13   16047   16690   17082     643    1035     392  event  restep         2723.840-0.022006 13912.73  -1034.61    0.00
  11.13   16030   16673   17065     643    1035     392  event  restep         2704.800-0.022006 13912.73  -1034.82    0.00
  11.13   16036   16679   17071     643    1035     392  event  restep         2711.520-0.022006 13912.73  -1035.04    0.00
  11.18   16008   16650   17049     642    1041     399  event  restep         2680.160-0.022006 13912.73  -1041.10    0.00
  11.18   16046   16688   17087     642    1041     399  event  restep         2722.720-0.022006 13912.73  -1041.31    0.00
  11.18   16033   16675   17075     642    1042     399  event  restep         2708.160-0.022006 13912.73  -1041.53    0.00
  11.18   16059   16701   17101     642    1042     400  event  restep         2737.280-0.022006 13912.73  -1041.75    0.00
  11.20   16035   16680   17079     645    1044     399  event  restep         2710.400-0.022006 13912.73  -1044.34    0.00
  11.20   16060   16705   17105     645    1045     400  event  restep         2738.400-0.022006 13912.73  -1044.56    0.00
  11.20   16037   16682   17082     645    1045     399  event  restep         2712.640-0.022006 13912.73  -1044.58    0.00
  11.20   16054   16699   17099     645    1045     400  event  restep         2731.680-0.022006 13912.73  -1044.80    0.00
  11.26   16028   16672   17072     644    1044     399  event  restep         2702.560-0.022006 13912.73  -1043.50    0.00
  11.26   16058   16702   17102     644    1044     400  event  restep         2736.160-0.022006 13912.73  -1043.72    0.00
  11.26   16048   16692   17092     644    1044     400  event  restep         2724.960-0.022006 13912.73  -1043.94    0.00
  11.26   16073   16717   17117     644    1044     400  event  restep         2752.960-0.022006 13912.73  -1044.16    0.00
  11.29   16054   16690   17101     636    1047     410  event  restep         2731.680-0.022006 13912.73  -1046.62    0.00
  11.29   16079   16715   17126     636    1047     411  event  restep         2758.049-0.022006 13912.73  -1046.85    0.00
  11.29   16057   16693   17104     636    1047     411  event  restep         2735.040-0.022006 13912.73  -1046.98    0.00
  11.29   16074   16710   17121     636    1047     411  event  restep         2754.080-0.022006 13912.73  -1047.21    0.00
  11.33   16057   16690   17104     633    1047     414  event  restep         2735.040-0.022006 13912.73  -1046.98    0.00
  11.33   16086   16719   17133     633    1047     413  event  restep         2758.049-0.022006 13912.73  -1046.76    0.00
  11.33   16056   16689   17103     633    1047     413  event  restep         2733.920-0.022006 13912.73  -1046.86    0.00
  11.33   16086   16719   17133     633    1047     413  event  restep         2758.049-0.022006 13912.73  -1046.64    0.00
  11.36   16060   16690   17127     630    1067     437  event  restep         2758.049-0.022006 13912.73  -1066.99    0.00
  11.36   16087   16717   17154     630    1067     436  event  restep         2758.049-0.022006 13912.73  -1066.77    0.00
  11.36   16063   16693   17130     630    1067     436  event  restep         2758.049-0.022006 13912.73  -1066.55    0.00
  11.36   16085   16715   17151     630    1066     436  event  restep         2758.049-0.022006 13912.73  -1066.33    0.00
  11.41   16074   16690   17127     616    1053     437  event  restep         2758.049-0.022006 13912.73  -1052.99    0.00
  11.41   16091   16707   17144     616    1053     436  event  restep         2758.049-0.022006 13912.73  -1052.77    0.00
  11.41   16073   16689   17126     616    1053     437  event  restep         2758.049-0.022006 13912.73  -1052.99    0.00
  11.41   16093   16709   17146     616    1053     436  event  restep         2758.049-0.022006 13912.73  -1052.77    0.00
  11.45   16074   16690   17127     616    1053     437  event  restep         2758.049-0.022006 13912.73  -1052.99    0.00
  11.45   16091   16707   17144     616    1053     436  event  restep         2758.049-0.022006 13912.73  -1052.77    0.00
  11.45   16074   16690   17127     616    1053     437  event  restep         2758.049-0.022006 13912.73  -1052.99    0.00
  11.45   16097   16713   17150     616    1053     436  event  restep         2758.049-0.022006 13912.73  -1052.77    0.00
  11.48   16077   16690   17127     613    1050     437  event  restep         2758.049-0.022006 13912.73  -1049.99    0.00
  11.48   16100   16713   17150     613    1050     436  event  restep         2758.049-0.022006 13912.73  -1049.72    0.00
  11.48   16082   16695   17132     613    1050     436  event  restep         2758.049-0.022006 13912.73  -1049.50    0.00
  11.48   16106   16719   17155     613    1049     436  event  restep         2758.049-0.022006 13912.73  -1049.27    0.00
  11.52   16086   16690   17127     604    1041     437  event  restep         2758.049-0.022006 13912.73  -1040.99    0.00
  11.52   16103   16707   17144     604    1041     436  event  restep         2758.049-0.022006 13912.73  -1040.77    0.00
  11.52   16085   16689   17126     604    1041     437  event  restep         2758.049-0.022006 13912.73  -1040.99    0.00
  11.52   16110   16714   17151     604    1041     436  event  restep         2758.049-0.022006 13912.73  -1040.77    0.00
  11.55   16089   16690   17127     601    1038     437  event  restep         2758.049-0.022006 13912.73  -1037.99    0.00
  11.55   16106   16707   17144     601    1038     436  event  restep         2758.049-0.022006 13912.73  -1037.77    0.00
  11.55   16092   16693   17130     601    1038     436  event  restep         2758.049-0.022006 13912.73  -1037.55    0.00
  11.55   16116   16717   17153     601    1037     436  event  restep         2758.049-0.022006 13912.73  -1037.33    0.00
  11.59   16098   16690   17127     592    1029     437  event  restep         2758.049-0.022006 13912.73  -1028.99    0.00
  11.59   16113   16705   17142     592    1029     436  event  restep         2758.049-0.022006 13912.73  -1028.77    0.00
  11.59   16096   16688   17125     592    1029     437  event  restep         2758.049-0.022006 13912.73  -1028.99    0.00
  11.59   16121   16713   17150     592    1029     436  event  restep         2758.049-0.022006 13912.73  -1028.77    0.00
  11.63   16109   16690   17127     581    1018     437  event  restep         2758.049-0.022006 13912.73  -1017.99    0.00
  11.63   16114   16695   17132     581    1018     436  event  restep         2758.049-0.022006 13912.73  -1017.72    0.00
  11.63   16096   16677   17114     581    1018     437  event  restep         2758.049-0.022006 13912.73  -1017.94    0.00
  11.63   16117   16698   17135     581    1018     436  event  restep         2758.049-0.022006 13912.73  -1017.72    0.00
  11.67   16098   16690   17127     592    1029     437  event  restep         2758.049-0.022006 13912.73  -1028.99    0.00
  11.67   16117   16709   17146     592    1029     436  event  restep         2758.049-0.022006 13912.73  -1028.77    0.00
  11.67   16098   16690   17127     592    1029     437  event  restep         2758.049-0.022006 13912.73  -1028.99    0.00
  11.67   16117   16709   17146     592    1029     436  event  restep         2758.049-0.022006 13912.73  -1028.77    0.00
  11.72   16101   16690   17127     589    1026     437  event  restep         2758.049-0.022006 13912.73  -1025.99    0.00
  11.72   16118   16707   17144     589    1026     436  event  restep         2758.049-0.022006 13912.73  -1025.77    0.00
  11.72   16102   16691   17128     589    1026     436  event  restep         2758.049-0.022006 13912.73  -1025.55    0.00
  11.72   16120   16709   17145     589    1025     436  event  restep         2758.049-0.022006 13912.73  -1025.33    0.00
  11.76   16107   16690   17127     583    1020     437  event  restep         2758.049-0.022006 13912.73  -1019.99    0.00
  11.76   16130   16713   17150     583    1020     436  event  restep         2758.049-0.022006 13912.73  -1019.77    0.00
  11.76   16122   16705   17142     583    1020     436  event  restep         2758.049-0.022006 13912.73  -1019.55    0.00
  11.76   16141   16724   17160     583    1019     436  event  restep         2758.049-0.022006 13912.73  -1019.33    0.00
  11.79   16126   16690   17127     564    1001     437  event  restep         2758.049-0.022006 13912.73  -1000.99    0.00
  11.79   16142   16706   17143     564    1001     436  event  restep         2758.049-0.022006 13912.73  -1000.77    0.00
  11.79   16123   16687   17124     564    1001     437  event  restep         2758.049-0.022006 13912.73  -1000.99    0.00
  11.79   16140   16704   17141     564    1001     436  event  restep         2758.049-0.022006 13912.73  -1000.77    0.00
  11.83   16124   16690   17127     566    1003     437  event  restep         2758.049-0.022006 13912.73  -1002.99    0.00
  11.83   16139   16705   17142     566    1003     436  event  restep         2758.049-0.022006 13912.73  -1002.77    0.00
  11.83   16130   16696   17133     566    1003     436  event  restep         2758.049-0.022006 13912.73  -1002.55    0.00
  11.83   16150   16716   17152     566    1002     436  event  restep         2758.049-0.022006 13912.73  -1002.33    0.00
  11.87   16136   16690   17127     554     991     437  event  restep         2758.049-0.022006 13912.73   -990.99    0.00
  11.87   16155   16709   17146     554     991     436  event  restep         2758.049-0.022006 13912.73   -990.77    0.00
  11.87   16137   16691   17128     554     991     436  event  restep         2758.049-0.022006 13912.73   -990.55    0.00
  11.87   16158   16712   17148     554     990     436  event  restep         2758.049-0.022006 13912.73   -990.33    0.00
  11.91   16140   16690   17127     550     987     437  event  restep         2758.049-0.022006 13912.73   -986.99    0.00
  11.91   16155   16705   17142     550     987     436  event  restep         2758.049-0.022006 13912.73   -986.77    0.00
  11.91   16143   16693   17130     550     987     436  event  restep         2758.049-0.022006 13912.73   -986.55    0.00
  11.91   16158   16708   17144     550     986     436  event  restep         2758.049-0.022006 13912.73   -986.33    0.00
  11.95   16147   16690   17127     543     980     437  event  restep         2758.049-0.022006 13912.73   -979.99    0.00
  11.95   16159   16702   17139     543     980     436  event  restep         2758.049-0.022006 13912.73   -979.77    0.00
  11.95   16146   16689   17126     543     980     437  event  restep         2758.049-0.022006 13912.73   -979.99    0.00
  11.95   16160   16703   17140     543     980     436  event  restep         2758.049-0.022006 13912.73   -979.77    0.00
  11.99   16153   16690   17127     537     974     437  event  restep         2758.049-0.022006 13912.73   -973.99    0.00
  11.99   16163   16700   17137     537     974     436  event  restep         2758.049-0.022006 13912.73   -973.77    0.00
  11.99   16154   16691   17128     537     974     436  event  restep         2758.049-0.022006 13912.73   -973.55    0.00
  11.99   16167   16704   17140     537     973     436  event  restep         2758.049-0.022006 13912.73   -973.33    0.00

[0~12 s 每 0.2 s 粗采样]
      t     pre    main   proto   off_f   off_p       d  state  kind              A_hat         g    A_sum
   0.03    2661    2661    2661       0       0       0  idle                            0.000000     0.00
   0.20    2656    2656    2656       0       0       0  idle                            0.000000     0.00
   0.40    2651    2651    2651       0       0       0  idle                            0.000000     0.00
   0.65    2645    2645    2645       0       0       0  idle                            0.000000     0.00
   0.84    2658    2658    2658       0       0       0  idle                            0.000000     0.00
   1.04    2632    2632    2632       0       0       0  idle                            0.000000     0.00
   1.24    2640    2640    2640       0       0       0  idle                            0.000000     0.00
   1.44    2649    2649    2649       0       0       0  idle                            0.000000     0.00
   1.61    2636    2636    2636       0       0       0  idle                            0.000000     0.00
   1.83    2655    2655    2655       0       0       0  idle                            0.000000     0.00
   2.01    2643    2643    2643       0       0       0  idle                            0.000000     0.00
   2.24   17978   17978   17978       0       0       0  idle                            0.000000     0.00
   2.43   11368   11368   11368       0       0       0  event  onset             0.000  0.000000     0.00
   2.63   11682   11771   11774      89      92       3  event  onset          9497.250  0.000000     0.00
   2.83   11871   12272   12275     401     404       3  event  onset          9695.700  0.000000     0.00
   3.03   12033   12503   12506     470     473       3  event  onset          9865.800  0.000000     0.00
   3.23   12148   12624   12627     476     479       3  event  onset          9986.550  0.000000     0.00
   3.43   12256   12674   12677     418     421       3  event  onset         10036.950  0.000000     0.00
   3.63   12375   12674   12677     299     302       3  event  onset         10036.950  0.000000     0.00
   3.83   12431   12674   12677     243     246       3  event  onset         10036.950  0.000000     0.00
   4.02   12473   12674   12677     201     204       3  event  onset         10036.950  0.000000     0.00
   4.22   12592   12674   12677      82      85       3  event  onset         10036.950  0.000000     0.00
   4.42   12607   12674   12677      67      70       3  event  onset         10036.950  0.000000     0.00
   4.63   12620   12674   12677      54      57       3  event  onset         10036.950  0.000000     0.00
   4.82   12636   12674   12677      38      41       3  event  onset         10036.950  0.000000     0.00
   5.02   12651   12674   12677      23      26       3  event  onset         10036.950  0.000000     0.00
   5.22   12613   12674   12677      61      64       3  event  onset         10036.950  0.000000     0.00
   5.42   14929   14929   14929       0       0       0  event  restep_reload     0.000  0.000000     0.00
   5.64   15681   15786   15796     105     115      10  event  restep_reload  3446.240  0.000000     0.00
   5.83   15752   16099   16110     347     358      11  event  restep_reload  3525.760  0.000000     0.00
   6.04   15786   16219   16230     433     444      11  event  restep_reload  3563.840  0.000000     0.00
   6.24   15825   16263   16274     438     449      11  event  restep_reload  3607.520  0.000000     0.00
   6.42   15873   16285   16296     412     423      11  event  restep_reload  3629.920  0.000000     0.00
   6.61   15905   16285   16296     380     391      11  event  restep_reload  3629.920  0.000000     0.00
   6.81   15919   16285   16296     366     377      11  event  restep_reload  3629.920  0.000000     0.00
   7.03   15933   16285   16296     352     363      11  event  restep_reload  3629.920  0.000000     0.00
   7.21   15945   16285   16296     340     351      11  event  restep_reload  3629.920  0.000000     0.00
   7.41   16077   16285   16296     208     219      11  event  restep_reload  3629.920  0.000000     0.00
   7.61   13769   14547   14559     778     790      12  event  restep_reload  3629.920  0.000000     0.00
   7.82   13789   15178   15191    1389    1402      14  event  restep_reload  3629.920  0.000000     0.00
   8.01   13799   15280   15294    1481    1495      13  event  restep_reload  1195.889  0.000000     0.00
   8.21   13810   15094   15106    1284    1296      12  event  restep_reload  1202.778  0.000000     0.00
   8.41   13818   14909   14920    1091    1102      11  event  restep_reload  1209.333  0.000000     0.00
   8.61   13844   14740   14750     896     906      10  event  restep_reload  1225.222  0.000000     0.00
   8.80   13864   14502   14525     638     661      23  slow                           -0.048680 13912.73
   9.00   13872   14468   14491     596     619      23  slow                           -0.045578 13912.73
   9.21   13878   14434   14456     556     578      22  slow                           -0.042527 13912.73
   9.41   13873   14394   14415     521     542      22  slow                           -0.039907 13912.73
   9.60   13888   14375   14396     487     508      21  slow                           -0.037427 13912.73
   9.84   13896   14346   14367     450     471      20  slow                           -0.034639 13912.73
  10.04   13906   14326   14346     420     440      20  slow                           -0.032409 13912.73
  10.24   13954   14349   14369     395     415      19  slow                           -0.030542 13912.73
  10.41   15300   15660   15681     360     381      22  slow                           -0.028071 13912.73
  10.61   16046   16309   16345     263     299      36  slow                           -0.022007 13912.73
  10.83   15953   16429   16785     476     832     357  event  restep         2618.560 -0.022006 13912.73
  11.01   15987   16608   16958     621     971     350  event  restep         2656.640 -0.022006 13912.73
  11.26   16028   16672   17072     644    1044     399  event  restep         2702.560 -0.022006 13912.73
  11.41   16074   16690   17127     616    1053     437  event  restep         2758.049 -0.022006 13912.73
  11.63   16109   16690   17127     581    1018     437  event  restep         2758.049 -0.022006 13912.73
  11.83   16124   16690   17127     566    1003     437  event  restep         2758.049 -0.022006 13912.73
  12.03   16151   16690   17127     539     976     437  event  restep         2758.049 -0.022006 13912.73

[全部 0~20 s 事件]
  t=    2.24 NEW_EVENT    onset          t0=   2.21 A_before=     0.00 A_after=     0.00 g_bef=  0.000000 g_aft=  0.000000 idle->event C=
  t=    5.37 NEW_EVENT    restep_reload  t0=   5.24 A_before=     0.00 A_after=     0.00 g_bef=  0.000000 g_aft=  0.000000 event->event C=
  t=    8.78 HANDOFF      restep_reload  t0=   5.24 A_before=     0.00 A_after= 13912.73 g_bef=  0.000000 g_aft= -0.049325 event->slow C=
  t=    8.78 REVOKE                      t0=      - A_before= 13912.73 A_after= 13912.73 g_bef= -0.048680 g_aft= -0.048680 event->slow C=REVOKE_proto
  t=   10.62 NEW_EVENT    restep         t0=  10.33 A_before= 13912.73 A_after= 13912.73 g_bef= -0.022006 g_aft= -0.022006 slow->event C=
  t=   13.85 HANDOFF      restep         t0=  10.33 A_before= 13912.73 A_after= 17126.99 g_bef= -0.022006 g_aft= -0.041539 event->slow C=
  t=   13.85 REVOKE                      t0=      - A_before= 17126.99 A_after= 17126.99 g_bef= -0.041601 g_aft= -0.041601 event->slow C=REVOKE_proto
  t=   14.47 NEW_EVENT    decrease       t0=  14.12 A_before= 17126.99 A_after= 17126.99 g_bef= -0.048224 g_aft= -0.048224 slow->event C=
  t=   14.79 REANCHOR                    t0=      - A_before= 17126.99 A_after= 15204.99 g_bef= -0.048224 g_aft= -0.053189 slow->slow C=
  t=   14.79 REVOKE                      t0=      - A_before= 15204.99 A_after= 15204.99 g_bef= -0.053163 g_aft= -0.053163 event->slow C=REVOKE_proto
  t=   18.02 NEW_EVENT    restep         t0=  17.83 A_before= 15204.99 A_after= 15204.99 g_bef= -0.049392 g_aft= -0.049392 slow->event C=
  t=   18.26 NEW_EVENT    restep_reload  t0=  17.83 A_before= 15204.99 A_after= 15204.99 g_bef= -0.049392 g_aft= -0.049392 event->event C=
