[自检1] 逐帧 off_p == a_all+b_all ？|残差| 中位=0.0000 最大=2047.0100 ADC
[自检2] 按 state 互斥归属后 off_p ≈ a+b ？|残差| 中位=0.0000 最大=2047.0100 ADC
        残差 >1 ADC 的帧数=939（占 2.769%，仅状态切换的单帧内两条通路同时贡献）

=== Q3 逐平台两条通路（中位，ADC 总量）===
  #    kind      t0      t1 off_field off_proto  a_glide   b_slow     a+b a_share b_share  evt_s slow_s idle_s
  0    idle    0.03    2.20         0         0        0        0       0    0.00    0.00   0.00   0.00   2.24
  1    idle    2.24    5.26       128       131      131        0     131    1.00    0.00   3.00   0.00   0.05
  2  loaded    5.26  111.06      1006      1371        0      920     920    0.00    1.00  43.05  63.22   0.00
  3    idle  111.06  130.37         0         0        0        0       0    0.00    0.00   3.78   6.72   8.93
  4  loaded  130.41  137.04      -489      -477        0        0       0    0.00    0.00   3.37   3.29   0.00
  5    idle  137.04  141.96         0         0        0        0       0    0.00    0.00   0.30   0.48   4.19
  6  loaded  141.96  146.64        -1         0        0        0       0    0.00    0.00   3.49   1.14   0.04
  7    idle  146.64  151.92       103       116        0        0       0    0.00    0.00   2.82   0.40   2.12
  8  loaded  151.96  211.14       466       436        0       54      54    0.00    1.00  18.84  40.64   0.00
  9    idle  211.19  224.75         0         0        0        0       0    0.00    0.00   3.76   2.73   7.19
 10  loaded  224.79  287.29       486       548        0      145     145    0.00    1.00  24.78  38.01   0.00
 11    idle  287.29  292.74         0         0        0        0       0    0.00    0.00   0.30   0.56   4.63
 12  loaded  292.79  302.68         0         6        0        0       0    0.00    0.00   3.44   6.53   0.00
 13    idle  302.68  308.07         0         0        0        0       0    0.00    0.00   0.35   0.44   4.61
 14  loaded  308.07  314.83       246       253        0        0       0    0.00    0.00   3.46   3.35   0.01
 15    idle  314.83  318.46         0         0        0        0       0    0.00    0.00   0.29   0.48   2.87
 16  loaded  318.46  337.53       144       156        0        0       0    0.00    0.00  10.17   8.96   0.04

=== 全段时权口径 ===
  事件态帧=12520（36.9%）  Σ|a|=8.000e+06 ADC·帧  Σ|a|·dt=80.0 kADC·s
  慢相态帧=17695（52.2%）  Σ|b|=1.266e+07 ADC·帧  Σ|b|·dt=126.6 kADC·s
  占比：通路a=38.7% 通路b=61.3%
  事件态 |a| 中位=497  慢相态 |b| 中位=630 ADC

=== 恒载平台上的偏移归属（判断「谁在主导漂移」）===
  plat2   t=   5.3~ 111.1 (105.8s) off_field 中位=  1006 off_proto 中位=  1371 事件态帧占比= 40.5% 慢相态帧占比= 59.5% 事件态 off_p 中位=  1326 慢相态 off_p 中位=  1396
  plat4   t= 130.4~ 137.0 (  6.6s) off_field 中位=  -489 off_proto 中位=  -477 事件态帧占比= 50.6% 慢相态帧占比= 49.4% 事件态 off_p 中位=  -410 慢相态 off_p 中位=  -630
  plat8   t= 152.0~ 211.1 ( 59.2s) off_field 中位=   466 off_proto 中位=   436 事件态帧占比= 31.7% 慢相态帧占比= 68.3% 事件态 off_p 中位=   391 慢相态 off_p 中位=   455
  plat10  t= 224.8~ 287.3 ( 62.5s) off_field 中位=   486 off_proto 中位=   548 事件态帧占比= 39.5% 慢相态帧占比= 60.5% 事件态 off_p 中位=   560 慢相态 off_p 中位=   500
  plat12  t= 292.8~ 302.7 (  9.9s) off_field 中位=     0 off_proto 中位=     6 事件态帧占比= 34.5% 慢相态帧占比= 65.5% 事件态 off_p 中位=   270 慢相态 off_p 中位=   -69
  plat14  t= 308.1~ 314.8 (  6.8s) off_field 中位=   246 off_proto 中位=   253 事件态帧占比= 50.7% 慢相态帧占比= 49.1% 事件态 off_p 中位=   351 慢相态 off_p 中位=   226
  plat16  t= 318.5~ 337.5 ( 19.1s) off_field 中位=   144 off_proto 中位=   156 事件态帧占比= 53.1% 慢相态帧占比= 46.7% 事件态 off_p 中位=   221 慢相态 off_p 中位=    95

=== 44 s 窗口（41.5~47.5 s）逐 0.05 s 关键量 ===
      t     pre    main   proto   off_f   off_p  state          kind    A_hat         g    A_sum       a       b idle
  41.54   14815   15623   16059     808    1244   slow                         -0.07926    16061       0    1244    0
  41.58   14821   15629   16065     808    1244   slow                         -0.07926    16061       0    1244    0
  41.62   14819   15627   16063     808    1244   slow                         -0.07926    16061       0    1244    0
  41.66   14816   15624   16060     808    1244   slow                         -0.07926    16061       0    1244    0
  41.74   14815   15623   16059     808    1244   slow                         -0.07925    16061       0    1244    0
  41.78   14820   15628   16064     808    1244   slow                         -0.07925    16061       0    1244    0
  41.82   14823   15631   16067     808    1244   slow                         -0.07925    16061       0    1244    0
  41.86   15877   16684   17119     807    1242   slow                         -0.07915    16061       0    1242    0
  41.91   16162   16951   17386     789    1224   slow                         -0.07801    16061       0    1224    0
  41.98   16424   17191   17626     767    1202   slow                         -0.07658    16061       0    1202    0
  42.01   16563   17318   17753     755    1190   slow                         -0.07580    16061       0    1190    0
  42.08   16779   16779   16779       0       0  event        restep    0.000  -0.07580    16061      -0       0    0
  42.15   16312   17121   17555     809    1243  event        restep 1659.840  -0.07580    16061    1243       0    0
  42.18   16647   17464   17894     817    1248  event        restep 2035.040  -0.07580    16061    1248       0    0
  42.22   16907   17740   18163     833    1256  event        restep 2301.003  -0.07580    16061    1256       0    0
  42.25   16754   17602   18018     848    1264  event        restep 2154.880  -0.07580    16061    1264       0    0
  42.33   16921   17726   18164     805    1243  event restep_reload 2336.126  -0.07580    16061    1243       0    0
  42.37   16929   17738   18177     809    1248  event restep_reload 2350.880  -0.07580    16061    1248       0    0
  42.43   16942   17766   18201     824    1259  event restep_reload 2365.296  -0.07580    16061    1259       0    0
  42.48   16953   17800   18227     847    1274  event restep_reload 2374.415  -0.07580    16061    1274       0    0
  42.51   16951   17816   18237     865    1286  event restep_reload 2375.520  -0.07580    16061    1286       0    0
  42.58   16962   17870   18276     908    1314  event restep_reload 2387.840  -0.07580    16061    1314       0    0
  42.62   16976   17918   18309     942    1333  event restep_reload 2394.904  -0.07580    16061    1333       0    0
  42.68   16971   17947   18330     976    1359  event restep_reload 2396.912  -0.07580    16061    1359       0    0
  42.71   16978   17975   18350     997    1372  event restep_reload 2396.912  -0.07580    16061    1372       0    0
  42.76   16979   18004   18373    1025    1394  event restep_reload 2396.912  -0.07580    16061    1394       0    0
  42.83   16983   18036   18404    1053    1421  event restep_reload 2396.912  -0.07580    16061    1421       0    0
  42.88   16991   18065   18425    1074    1434  event restep_reload 2396.912  -0.07580    16061    1434       0    0
  42.91   16998   18066   18436    1068    1438  event restep_reload 2396.912  -0.07580    16061    1438       0    0
  42.96   16996   18066   18450    1070    1454  event restep_reload 2396.912  -0.07580    16061    1454       0    0
  43.02   16998   18066   18463    1068    1465  event restep_reload 2396.912  -0.07580    16061    1465       0    0
  43.05   17005   18066   18466    1061    1461  event restep_reload 2396.912  -0.07580    16061    1461       0    0
  43.11   17024   18066   18468    1042    1444  event restep_reload 2396.912  -0.07580    16061    1444       0    0
  43.17   17027   18066   18468    1039    1441  event restep_reload 2396.912  -0.07580    16061    1441       0    0
  43.21   17038   18066   18468    1028    1430  event restep_reload 2396.912  -0.07580    16061    1430       0    0
  43.25   17035   18066   18468    1031    1433  event restep_reload 2396.912  -0.07580    16061    1433       0    0
  43.33   17053   18066   18468    1013    1415  event restep_reload 2396.912  -0.07580    16061    1415       0    0
  43.37   17051   18066   18468    1015    1417  event restep_reload 2396.912  -0.07580    16061    1417       0    0
  43.41   17054   18066   18468    1012    1414  event restep_reload 2396.912  -0.07580    16061    1414       0    0
  43.49   17068   18066   18468     998    1400  event restep_reload 2396.912  -0.07580    16061    1400       0    0
  43.53   17070   18066   18468     996    1398  event restep_reload 2396.912  -0.07580    16061    1398       0    0
  43.57   17072   18066   18468     994    1396  event restep_reload 2396.912  -0.07580    16061    1396       0    0
  43.61   17077   18066   18468     989    1391  event restep_reload 2396.912  -0.07580    16061    1391       0    0
  43.69   17098   18066   18468     968    1370  event restep_reload 2396.912  -0.07580    16061    1370       0    0
  43.74   17096   18066   18468     970    1372  event restep_reload 2396.912  -0.07580    16061    1372       0    0
  43.78   17098   18066   18468     968    1370  event restep_reload 2396.912  -0.07580    16061    1370       0    0
  43.81   17097   18066   18468     969    1371  event restep_reload 2396.912  -0.07580    16061    1371       0    0
  43.89   17105   18066   18468     961    1363  event restep_reload 2396.912  -0.07580    16061    1363       0    0
  43.93   17096   18066   18468     970    1372  event restep_reload 2396.912  -0.07580    16061    1372       0    0
  43.97   17102   18066   18468     964    1366  event restep_reload 2396.912  -0.07580    16061    1366       0    0
  44.01   17097   18066   18468     969    1371  event restep_reload 2396.912  -0.07580    16061    1371       0    0
  44.05   17102   18066   18468     964    1366  event restep_reload 2396.912  -0.07580    16061    1366       0    0
  44.11   17106   18066   18468     960    1362  event restep_reload 2396.912  -0.07580    16061    1362       0    0
  44.17   17102   18066   18468     964    1366  event restep_reload 2396.912  -0.07580    16061    1366       0    0
  44.21   17106   18066   18468     960    1362  event restep_reload 2396.912  -0.07580    16061    1362       0    0
  44.29   17111   18066   18468     955    1357  event restep_reload 2396.912  -0.07580    16061    1357       0    0
  44.33   17108   18066   18468     958    1360  event restep_reload 2396.912  -0.07580    16061    1360       0    0
  44.36   17106   18066   18468     960    1362  event restep_reload 2396.912  -0.07580    16061    1362       0    0
  44.40   17114   18066   18468     952    1354  event restep_reload 2396.912  -0.07580    16061    1354       0    0
  44.48   17112   18066   18468     954    1356  event restep_reload 2396.912  -0.07580    16061    1356       0    0
  44.52   17114   18066   18468     952    1354  event restep_reload 2396.912  -0.07580    16061    1354       0    0
  44.57   17120   18066   18468     946    1348  event restep_reload 2396.912  -0.07580    16061    1348       0    0
  44.60   17122   18066   18468     944    1346  event restep_reload 2396.912  -0.07580    16061    1346       0    0
  44.68   17124   18066   18468     942    1344  event restep_reload 2396.912  -0.07580    16061    1344       0    0
  44.72   17122   18066   18468     944    1346  event restep_reload 2396.912  -0.07580    16061    1346       0    0
  44.76   17121   18066   18468     945    1347  event restep_reload 2396.912  -0.07580    16061    1347       0    0
  44.80   17131   18066   18468     935    1337  event restep_reload 2396.912  -0.07580    16061    1337       0    0
  44.88   17128   18066   18468     938    1340  event restep_reload 2396.912  -0.07580    16061    1340       0    0
  44.92   17133   18066   18468     933    1335  event restep_reload 2396.912  -0.07580    16061    1335       0    0
  44.97   17132   18066   18468     934    1336  event restep_reload 2396.912  -0.07580    16061    1336       0    0
  45.00   17129   18066   18468     937    1339  event restep_reload 2396.912  -0.07580    16061    1339       0    0
  45.09   17131   18066   18468     935    1337  event restep_reload 2396.912  -0.07580    16061    1337       0    0
  45.13   17136   18066   18468     930    1332  event restep_reload 2396.912  -0.07580    16061    1332       0    0
  45.16   17142   18066   18468     924    1326  event restep_reload 2396.912  -0.07580    16061    1326       0    0
  45.20   17137   18066   18468     929    1331  event restep_reload 2396.912  -0.07580    16061    1331       0    0
  45.28   17140   18066   18468     926    1328  event restep_reload 2396.912  -0.07580    16061    1328       0    0
  45.33   17144   18066   18468     922    1324  event restep_reload 2396.912  -0.07580    16061    1324       0    0
  45.38   17142   17895   18222     753    1080   slow                         -0.05975    18468       0    1080    0
  45.45   17140   17897   18226     757    1086   slow                         -0.06009    18468       0    1086    0
  45.48   17144   17902   18232     758    1088   slow                         -0.06022    18468       0    1088    0
  45.52   17148   17908   18239     760    1091   slow                         -0.06039    18468       0    1091    0
  45.56   17147   17910   18242     763    1095   slow                         -0.06058    18468       0    1095    0
  45.61   17145   17910   18244     765    1099   slow                         -0.06080    18468       0    1099    0
  45.68   17150   17919   18254     769    1104   slow                         -0.06109    18468       0    1104    0
  45.73   17150   17922   18258     772    1108   slow                         -0.06129    18468       0    1108    0
  45.76   17151   17924   18261     773    1110   slow                         -0.06142    18468       0    1110    0
  45.84   17304   18077   18417     773    1113   slow                         -0.06158    18468       0    1113    0
  45.89   16343   17116   17456     773    1113   slow                         -0.06159    18468       0    1113    0
  45.93   15736   16514   16855     778    1119   slow                         -0.06194    18468       0    1119    0
  45.98   15086   15901   16244     815    1158   slow                         -0.06405    18468       0    1158    0
  46.01   15039   15875   16218     836    1179   slow                         -0.06523    18468       0    1179    0
  46.08   14938   15821   16142     883    1204  event      decrease    0.000  -0.06665    18468      -0       0    0
  46.14   14960   15843   16164     883    1204  event      decrease    0.000  -0.06665    18468      -0       0    0
  46.17   14955   15838   16159     883    1204  event      decrease    0.000  -0.06665    18468      -0       0    0
  46.24   14951   15834   16155     883    1204  event      decrease    0.000  -0.06665    18468      -0       0    0
  46.28   14938   15821   16142     883    1204  event      decrease    0.000  -0.06665    18468      -0       0    0
  46.32   14928   15811   16132     883    1204  event      decrease    0.000  -0.06665    18468      -0       0    0
  46.36   14925   15808   16129     883    1204  event      decrease    0.000  -0.06665    18468      -0       0    0
  46.43   14931   15789   16114     858    1183   slow                         -0.07580    16151       0    1183    0
  46.47   14925   15783   16108     858    1183   slow                         -0.07580    16151       0    1183    0
  46.51   14926   15784   16109     858    1183   slow                         -0.07579    16151       0    1183    0
  46.56   14915   15773   16098     858    1183   slow                         -0.07581    16151       0    1183    0
  46.65   14905   15764   16089     859    1184   slow                         -0.07587    16151       0    1184    0
  46.69   14908   15768   16092     860    1184   slow                         -0.07589    16151       0    1184    0
  46.71   14905   15765   16089     860    1184   slow                         -0.07591    16151       0    1184    0
  46.75   14945   15806   16130     861    1185   slow                         -0.07593    16151       0    1185    0
  46.83   14940   15802   16126     862    1186   slow                         -0.07600    16151       0    1186    0
  46.87   14950   15812   16136     862    1186   slow                         -0.07603    16151       0    1186    0
  46.91   14946   15809   16133     863    1187   slow                         -0.07605    16151       0    1187    0
  46.96   14947   15810   16134     863    1187   slow                         -0.07608    16151       0    1187    0
  47.03   14935   15799   16123     864    1188   slow                         -0.07614    16151       0    1188    0
  47.07   14927   15791   16116     864    1189   slow                         -0.07618    16151       0    1189    0
  47.11   14935   15800   16124     865    1189   slow                         -0.07621    16151       0    1189    0
  47.16   14936   15801   16126     865    1190   slow                         -0.07626    16151       0    1190    0
  47.24   14938   15803   16129     865    1191   slow                         -0.07631    16151       0    1191    0
  47.27   14934   15799   16125     865    1191   slow                         -0.07633    16151       0    1191    0
  47.31   14938   15804   16129     866    1191   slow                         -0.07636    16151       0    1191    0
  47.35   14931   15797   16123     866    1192   slow                         -0.07639    16151       0    1192    0
  47.43   14936   15802   16129     866    1193   slow                         -0.07645    16151       0    1193    0
  47.47   14934   15800   16127     866    1193   slow                         -0.07647    16151       0    1193    0
  47.51   14930   15796   16123     866    1193   slow                         -0.07649    16151       0    1193    0

=== 该窗口内 A_sum 的阶跃（|ΔA_sum|>200 的帧）===
  t= 45.38  A_sum    16061 →    18468  (Δ=   +2408) g=-0.05975 state=slow
  t= 46.40  A_sum    18468 →    16151  (Δ=   -2317) g=-0.07578 state=slow
