── 60~85 s，1 s 桶（pre / main / off）──
      t      pre     main     off   dPre/s
   60.0    13156    12947    -209        0
   61.0    13352    12958    -393      196
   62.0    13473    12970    -504      122
   63.0    14026    13487    -539      553
   64.0    16145    15817    -328     2119
   65.0    16259    15914    -346      114
   66.0    16363    15924    -438      103
   67.0    16451    15970    -481       88
   68.0    16523    15982    -541       72
   69.0    16665    16062    -604      142
   70.0    20074    18843   -1231     3409
   71.0    17451    15331   -2120    -2623
   72.0    17323    15619   -1703     -128
   73.0    17160    15868   -1292     -163
   74.0    18700    18137    -563     1540
   75.0    17390    17390       0    -1310
   76.0    17054    17054       0     -336
   77.0    17087    17087       0       33
   78.0    17139    17139       0       53
   79.0    17174    17174       0       35
   80.0    16482    16482       0     -693
   81.0    14461    14461       0    -2021
   82.0    14392    14392       0      -69
   83.0    15306    15306       0      915
   84.0    14604    14604       0     -703

── 70.5~73.5 s，0.05 s 桶（20 Hz）──
       t      pre     main     off  dPre/50ms  dMain/50ms
   70.50    19182    17965   -1217          0           0
   70.55    18381    17139   -1242       -801        -826
   70.60    22095    20754   -1341       3714        3615
   70.65    24057    23284    -772       1962        2530
   70.70    22399    21248   -1151      -1658       -2037
   70.75    21009    18709   -2300      -1390       -2539
   70.80    16870    14589   -2281      -4139       -4120
   70.85    18282    16034   -2248       1413        1445
   70.90    21796    19501   -2295       3514        3467
   70.95    23735    21432   -2302       1939        1931
   71.00    21164    18862   -2302      -2571       -2571
   71.05    15956    13675   -2281      -5208       -5186
   71.10    16182    13913   -2270        226         238
   71.15    17096    14845   -2251        914         933
   71.20    17223    14999   -2224        126         153
   71.25    17060    14856   -2204       -163        -143
   71.30    17158    14970   -2188         98         114
   71.35    17145    14976   -2169        -13           5
   71.40    17196    15049   -2146         51          73
   71.45    17219    15098   -2121         24          48
   71.50    17237    15132   -2105         18          34
   71.55    17236    15147   -2088         -2          15
   71.60    17266    15202   -2064         31          55
   71.65    17276    15237   -2039         10          34
   71.70    17280    15257   -2023          4          20
   71.75    17288    15281   -2006          8          25
   71.80    17294    15312   -1982          6          31
   71.85    17286    15331   -1955         -8          19
   71.90    17280    15339   -1940         -6           8
   71.95    17285    15361   -1924          5          22
   72.00    17309    15409   -1899         24          49
   72.05    17280    15405   -1875        -29          -4
   72.10    17296    15442   -1854         16          37
   72.15    17291    15457   -1834         -5          15
   72.20    17294    15483   -1811          3          26
   72.25    17312    15518   -1795         18          34
   72.30    17314    15536   -1778          2          18
   72.35    17318    15557   -1762          4          21
   72.40    17313    15577   -1736         -5          20
   72.45    17314    15602   -1712          1          25
   72.50    17324    15629   -1696         10          27
   72.55    17330    15659   -1671          6          31
   72.60    17340    15696   -1644         10          37
   72.65    17341    15713   -1628          1          17
   72.70    17334    15720   -1613         -8           7
   72.75    17341    15752   -1589          7          32
   72.80    17344    15780   -1564          4          28
   72.85    17346    15799   -1548          2          18
   72.90    17351    15820   -1531          5          21
   72.95    17354    15848   -1505          2          28
   73.00    17353    15871   -1482         -1          23
   73.05    17357    15890   -1467          4          18
   73.10    17352    15908   -1444         -5          18
   73.15    17349    15927   -1422         -2          19
   73.20    17350    15953   -1397          1          26
   73.25    17359    15974   -1385          8          21
   73.30    17359    15990   -1369          0          17
   73.35    17358    16014   -1344         -1          24
   73.40    17363    16044   -1319          5          29
   73.45    17368    16068   -1300          6          24

── 逐帧爬升率（70~74 s，仅列 |斜率| > 50 ADC/s 的帧，按 0.1 s 聚合）──
       t      pre    斜率ADC/s     main      m斜率
   70.03    20539     -36108    19829   -27555
   70.14    17752      39211    17752    26905
   70.25    20872     -42525    19936   -43066
   70.36    17094      51400    16101    50042
   70.50    21465     -44320    20277   -45035
   70.61    19894      45835    18603    60025
   70.74    23046    -111731    23046  -145773
   70.86    17317      83845    15069    83083
   70.96    23440     -56647    21138   -56482
   71.09    17134       1620    14853     2037
   71.20    17307      -3228    15071    -2825
   71.32    17100       1287    14912     1700
   71.44    17191        550    15053      965
   71.56    17221        575    15132      985
   71.68    17272        250    15233      660
   71.80    17288         59    15298      471
   71.92    17280        275    15339      685
   72.04    17322       -222    15431      191
   72.16    17297       -110    15456      304
   72.28    17308        238    15513      650
   72.40    17328        -92    15585      319
   72.52    17330         63    15634      471
   72.64    17357       -189    15713      225
   72.75    17342        113    15745      526
   72.88    17354        329    15806      743
   73.00    17366        -53    15868      359
   73.13    17368        -74    15924      342
   73.24    17336        271    15939      683
   73.35    17348        137    15996      551
   73.48    17356         96    16056      507
   73.63    17370        301    16133      713
   73.74    17372     -42779    16182   -42371
   73.84    15865      17250    14716    17659
   73.95    17125       1667    16020     2078

── 71.0~73.0 s 的逐通道变化（末−首，按 |Δ| 排序）──
  ch     t=71s     t=73s      Δpre     Δmain
ch10      2251      1314      -937      -689
ch15      1783       978      -805      -591
ch6       2120      1375      -745      -492
ch11      2346      1620      -726      -525
ch14      1522       840      -682      -487
ch16      1566       889      -677      -448
ch12      2084      1521      -563      -364
ch7       2391      1948      -443      -352
ch3       2151      1752      -399      -347
ch1        170       437       267        39
ch8       1061       871      -190      -201
ch4       2205      2052      -153      -454
  合计Δpre=-5930  Δmain=-5126

── 该段前后的稳定性（各 3 s 窗的 pre 极差）──
  t= 66.0~ 69.0  pre 中位=  16458 极差=    259 标准差=   71.0
  t= 68.0~ 71.0  pre 中位=  16574 极差=   8839 标准差= 2088.7
  t= 70.0~ 73.0  pre 中位=  17322 极差=   9069 标准差= 1907.8
  t= 71.0~ 74.0  pre 中位=  17314 极差=   8802 标准差=  780.4
  t= 72.0~ 75.0  pre 中位=  17356 极差=   6793 标准差=  976.0
  t= 73.0~ 76.0  pre 中位=  17365 极差=   6793 标准差= 1078.1
  t= 74.0~ 77.0  pre 中位=  17060 极差=   4663 标准差= 1051.1
  t= 76.0~ 79.0  pre 中位=  17084 极差=    144 标准差=   38.6
  t= 78.0~ 81.0  pre 中位=  17168 极差=   2850 标准差=  737.4

── 70~74 s 的帧间隔分布 ──
  帧数=400  dt 中位=0.00ms  p95=40.10ms  max=73.00ms  dt<=0 的帧数=284
  timestamp 间隔：中位=0.01ms  max=73.31ms  重复时间戳帧数=31
