frames=33908  span=337.505s  dt_med=0.00ms dt_p95=45.00ms  fps=100.47
cfg(pre) = {'schema_name': 'tactile_recording_session', 'schema_version': '1', 'session_id': '20260919_100351_single_device_f9740b', 'session_type': '', 'record_mode': 'single', 'device_id': 'device_001', 'device_alias': '', 'port_name': '', 'rows': '0', 'cols': '0', 'data_points': '0', 'data_stage': 'algorithm_input', 'has_raw_adc': 'false', 'display_mode': '', 'record_frequency': '0.00', 'time_base': 'elapsed_seconds', 'columns_version': '1', 'value_stage': 'algorithm_input', 'reported_pressure_unit': 'KPa', 'reported_force_unit': 'mN', 'display_pressure_unit': 'KPa', 'display_force_unit': 'mN', 'stream_role': 'algorithm_input', 'algorithm_id': '', 'algorithm_label': ''}
cfg(main)= {'schema_name': 'tactile_recording_session', 'schema_version': '1', 'session_id': '20260919_100351_single_device_f9740b', 'session_type': 'single_device', 'record_mode': 'single', 'device_id': 'device_001', 'device_alias': '', 'port_name': '', 'rows': '8', 'cols': '5', 'data_points': '21', 'data_stage': 'processed_display', 'has_raw_adc': 'true', 'display_mode': 'adc', 'record_frequency': '0.00', 'time_base': 'elapsed_seconds', 'columns_version': '1', 'value_stage': 'processed_display', 'reported_pressure_unit': 'KPa', 'reported_force_unit': 'mN', 'display_pressure_unit': 'KPa', 'display_force_unit': 'N'}
tot_pre  min=1537 max=17978 first=2661 med_idle_low=2945
tot_main min=1664 max=18848 first=2661
tot_raw  min=1537 max=17978

平台数=17
  # kind         t0      t1    dur      pre     main      off  off/amp
# 参考: 空载≈2945  受载≈17497  幅度≈14552
  0 idle       0.03    2.20   2.17     2646     2646        0      0.0%
  1 idle       2.24    5.26   3.02    12421    12664      243      1.7%
  2 loaded     5.26  111.06 105.80    16767    17219      452      3.1%
  3 idle     111.06  130.37  19.31    11435    11435        0      0.0%
  4 loaded   130.41  137.04   6.63    16731    16239     -492     -3.4%
  5 idle     137.04  141.96   4.92     2996     2987       -9     -0.1%
  6 loaded   141.96  146.64   4.68    14267    14276        9      0.1%
  7 idle     146.64  151.92   5.27     3123     3224      101      0.7%
  8 loaded   151.96  211.14  59.19    17049    17037      -12     -0.1%
  9 idle     211.19  224.75  13.56     3092     3136       44      0.3%
 10 loaded   224.79  287.29  62.51    17118    17247      129      0.9%
 11 idle     287.29  292.74   5.45     2968     2982       14      0.1%
 12 loaded   292.79  302.68   9.89    16871    16853      -18     -0.1%
 13 idle     302.68  308.07   5.39     2832     2833        1      0.0%
 14 loaded   308.07  314.83   6.75    16724    16953      229      1.6%
 15 idle     314.83  318.46   3.63     3033     3044       11      0.1%
 16 loaded   318.46  337.53  19.07    16541    16771      230      1.6%

上升沿(s): [2.24, 120.63, 141.96, 149.41, 219.01, 292.74, 308.02, 318.46]
下降沿(s): [111.06, 137.04, 146.64, 211.19, 287.29, 302.68, 314.83]

── t=39~50 s 明细（0.1 s 均值）──
      t      pre     main     off  off/amp
  39.03    14797    15611     814      5.6%
  39.11    14789    15603     814      5.6%
  39.23    14785    15598     813      5.6%
  39.31    14787    15600     813      5.6%
  39.43    14788    15601     813      5.6%
  39.51    14789    15602     813      5.6%
  39.63    14790    15603     812      5.6%
  39.73    14794    15605     812      5.6%
  39.83    14794    15606     811      5.6%
  39.91    14798    15609     811      5.6%
  40.03    14796    15607     811      5.6%
  40.10    14799    15610     811      5.6%
  40.22    14803    15614     811      5.6%
  40.30    14804    15615     811      5.6%
  40.42    14802    15613     810      5.6%
  40.50    14806    15616     810      5.6%
  40.63    14805    15615     810      5.6%
  40.70    14808    15617     810      5.6%
  40.82    14809    15619     809      5.6%
  40.90    14808    15617     809      5.6%
  41.02    14812    15620     808      5.6%
  41.10    14813    15621     808      5.6%
  41.22    14810    15618     808      5.6%
  41.30    14812    15620     808      5.6%
  41.42    14816    15624     808      5.6%
  41.50    14826    15634     808      5.6%
  41.62    14826    15633     808      5.6%
  41.70    14829    15637     808      5.6%
  41.82    15116    15920     804      5.5%
  41.91    16165    16941     776      5.3%
  42.01    16794    17106     312      2.1%
  42.10    16577    17388     812      5.6%
  42.22    16814    17486     672      4.6%
  42.30    16933    17579     646      4.4%
  42.43    16957    17798     842      5.8%
  42.51    16971    17862     891      6.1%
  42.62    16980    17946     967      6.6%
  42.71    16983    18009    1026      7.1%
  42.83    16994    18059    1064      7.3%
  42.91    16999    18068    1069      7.3%
  43.02    17010    18070    1060      7.3%
  43.11    17029    18066    1037      7.1%
  43.21    17037    18065    1028      7.1%
  43.29    17048    18063    1015      7.0%
  43.41    17061    18064    1003      6.9%
  43.49    17069    18065     995      6.8%
  43.61    17077    18059     982      6.8%
  43.69    17088    18057     969      6.7%
  43.81    17090    18055     965      6.6%
  43.89    17090    18056     966      6.6%
  44.01    17093    18058     965      6.6%
  44.11    17093    18055     963      6.6%
  44.21    17098    18057     959      6.6%
  44.29    17100    18058     958      6.6%
  44.40    17101    18056     955      6.6%
  44.48    17106    18055     950      6.5%
  44.60    17115    18057     942      6.5%
  44.68    17114    18057     944      6.5%
  44.80    17119    18058     939      6.5%
  44.88    17124    18058     934      6.4%
  45.00    17124    18059     935      6.4%
  45.09    17134    18062     928      6.4%
  45.20    17137    18064     927      6.4%
  45.28    17139    17994     855      5.9%
  45.40    17139    17894     756      5.2%
  45.48    17146    17907     761      5.2%
  45.61    17148    17916     767      5.3%
  45.68    17150    17922     772      5.3%
  45.80    16880    17654     774      5.3%
  45.89    15396    16188     792      5.4%
  46.01    14984    15839     855      5.9%
  46.08    14956    15839     883      6.1%
  46.20    14954    15837     883      6.1%
  46.28    14937    15820     883      6.1%
  46.40    14939    15797     858      5.9%
  46.47    14930    15788     858      5.9%
  46.60    14921    15780     859      5.9%
  46.69    14945    15805     860      5.9%
  46.79    14956    15817     862      5.9%
  46.87    14955    15818     863      5.9%
  46.99    14945    15809     864      5.9%
  47.07    14944    15809     865      5.9%
  47.20    14944    15809     865      5.9%
  47.27    14941    15807     866      5.9%
  47.39    14939    15805     866      6.0%
  47.47    14938    15804     867      6.0%
  47.59    14937    15804     867      6.0%
  47.67    14938    15806     867      6.0%
  47.79    14937    15804     868      6.0%
  47.87    14940    15809     868      6.0%
  47.99    14905    15774     869      6.0%
  48.07    14906    15775     869      6.0%
  48.20    14908    15777     869      6.0%
  48.27    14906    15775     869      6.0%
  48.39    14911    15780     869      6.0%
  48.47    14916    15785     869      6.0%
  48.59    14920    15789     869      6.0%
  48.67    14928    15796     869      6.0%
  48.79    14930    15798     868      6.0%
  48.86    14928    15796     868      6.0%
  49.01    14835    15713     878      6.0%
  49.08    16477    17334     857      5.9%
  49.21    16939    17424     485      3.3%
  49.27    16630    17502     872      6.0%
  49.38    16666    17559     893      6.1%
  49.46    16694    17624     930      6.4%
  49.58    16709    17688     980      6.7%
  49.66    16710    17736    1026      7.1%
  49.78    16720    17784    1064      7.3%
  49.88    16733    17817    1083      7.4%
  49.98    16742    17829    1087      7.5%

── t=0~6 s 明细（0.1 s 均值）──
   0.03     2655     2655       0
   0.09     2649     2649       0
   0.20     2651     2651       0
   0.28     2651     2651       0
   0.40     2644     2644       0
   0.49     2643     2643       0
   0.60     2639     2639       0
   0.68     2646     2646       0
   0.80     2648     2648       0
   0.88     2648     2648       0
   1.00     2631     2631       0
   1.08     2632     2632       0
   1.20     2642     2642       0
   1.28     2658     2658       0
   1.40     2651     2651       0
   1.48     2646     2646       0
   1.61     2638     2638       0
   1.68     2649     2649       0
   1.80     2649     2649       0
   1.87     2646     2646       0
   2.01     2642     2642       0
   2.08     2636     2636       0
   2.20     7603     7603       0
   2.27    10969    10969       0
   2.39    11364    11364       0
   2.48    11462    11466       4
   2.59    11678    11761      84
   2.68    11755    11991     236
   2.79    11892    12279     387
   2.87    12002    12465     463
   2.99    12044    12514     470
   3.08    12094    12566     473
   3.19    12169    12647     478
   3.27    12219    12688     469
   3.39    12277    12694     417
   3.47    12361    12686     325
   3.59    12382    12681     299
   3.67    12408    12681     273
   3.79    12437    12679     242
   3.87    12465    12676     211
   3.98    12480    12676     196
   4.08    12499    12672     173
   4.18    12581    12680      99
   4.26    12590    12661      71
   4.38    12597    12668      70
   4.46    12603    12666      63
   4.58    12609    12666      57
   4.66    12621    12667      46
   4.78    12626    12664      38
   4.86    12634    12665      31
   4.98    12643    12665      22
   5.06    12625    12661      36
   5.18    12602    12664      62
   5.26    13886    13685    -201
   5.39    14993    14850    -143
   5.46    15543    15564      21
   5.59    15689    15786      97
   5.68    15728    15943     215
   5.79    15747    16087     340
   5.88    15774    16195     421
   5.99    15787    16220     433
