frames=33908 span=337.5s  空载≈2851 受载≈17548 门限=10200
上升沿=[2.27, 2.27, 120.67, 142.03, 149.41, 219.08, 292.74, 308.07, 318.49]
下降沿=[2.27, 111.06, 137.04, 146.64, 211.14, 287.29, 302.68, 314.83, 337.53]

── 逐次加载事件 ──
 i    t_up  t_down   hold pre_prev     A_e pre_post  OS_max@1s  OS_max@3s  OS_max@10s  G(4-5s)  off_pre off_post
 0    2.27  111.06  108.8     2648   14117    16765     -29.0%     -24.5%       -0.5%    0.967        0      371
 1    2.27  111.06  108.8     2648   14117    16765     -29.0%     -24.5%       -0.5%    0.967        0      371
 2  120.67  137.04   16.4     3032   10752    13784      -6.4%      -6.3%       19.1%    0.948        0     -197
 3  142.03  146.64    4.6     2960   11441    14402      -3.6%      -1.1%        nan%    0.995        0       -2
 4  149.41  211.14   61.7     3029   14032    17061     -21.8%     -21.8%       -0.1%    0.786        0      -75
 5  219.08  287.29   68.2     2848   14236    17085     -24.3%     -24.2%        1.1%    0.760        0      -28
 6  292.74  302.68    9.9     2853   14070    16922      -0.6%      -0.5%        nan%    0.997        0       27
 7  308.07  314.83    6.8     2762   14080    16843       0.6%       0.7%        nan%    1.015        0      242
 8  318.49  337.53   19.0     2974   13750    16724       0.3%       0.4%        3.8%    0.848        0       56

── 偏移时间线（1 s 桶；off = main − pre）──
      t     pre    main     off   off/A1
    0.0    2647    2647       0      0.0%
    1.0    2645    2645       0      0.0%
    2.0    9776    9912     136      1.0%
    3.0   12310   12659     349      2.5%
    4.0   12597   12667      70      0.5%
    5.0   14733   14839     107      0.8%
    6.0   15883   16285     402      2.8%
    7.0   14744   15497     753      5.3%
    8.0   13831   14808     977      6.9%
    9.0   13876   14379     503      3.6%
   10.0   15106   15503     397      2.8%
   11.0   16092   16695     602      4.3%
   12.0   16191   16690     499      3.5%
   13.0   16250   16664     414      2.9%
   14.0   14814   15173     359      2.5%
   15.0   14449   14827     378      2.7%
   16.0   14471   14837     366      2.6%
   17.0   14627   14978     351      2.5%
   18.0   16398   16936     538      3.8%
   19.0   16703   17198     495      3.5%
   20.0   16770   17205     435      3.1%
   21.0   16791   17185     394      2.8%
   22.0   15223   15659     435      3.1%
   23.0   14627   15089     462      3.3%
   24.0   14645   15104     459      3.3%
   25.0   14893   15341     448      3.2%
   26.0   16757   17302     546      3.9%
   27.0   16907   17528     621      4.4%
   28.0   16950   17523     573      4.1%
   29.0   16971   17508     537      3.8%
   30.0   16883   17414     531      3.8%
   31.0   14744   15351     608      4.3%
   32.0   14766   15375     609      4.3%
   33.0   14759   15362     604      4.3%
   34.0   15635   16148     513      3.6%
   35.0   16945   17744     799      5.7%
   36.0   17006   17826     820      5.8%
   37.0   17046   17821     776      5.5%
   38.0   15211   15998     787      5.6%
   39.0   14791   15604     813      5.8%
   40.0   14804   15614     810      5.7%
   41.0   15057   15844     787      5.6%
   42.0   16911   17762     851      6.0%
   43.0   17062   18062    1000      7.1%
   44.0   17107   18057     950      6.7%
   45.0   16855   17677     823      5.8%
   46.0   14945   15813     868      6.1%
   47.0   14939   15805     866      6.1%
   48.0   14922   15791     869      6.2%
   49.0   16585   17507     922      6.5%
   50.0   16800   17836    1035      7.3%
   51.0   16886   17848     962      6.8%
   52.0   15966   16870     903      6.4%
   53.0   14919   15968    1049      7.4%
   54.0   14927   15964    1036      7.3%
   55.0   14941   15970    1029      7.3%
   56.0   15499   16457     959      6.8%
   57.0   16856   17901    1045      7.4%
   58.0   16937   18124    1188      8.4%
   59.0   16959   18132    1173      8.3%
   60.0   16968   17761     794      5.6%
   61.0   16976   17826     851      6.0%
   62.0   16988   17905     917      6.5%
   63.0   17001   17965     964      6.8%
   64.0   17013   18003     990      7.0%
   65.0   17033   18040    1007      7.1%
   66.0   17046   18070    1024      7.3%
   67.0   17058   18093    1035      7.3%
   68.0   17118   18156    1038      7.3%
   69.0   17239   18266    1027      7.3%
   70.0   15722   16753    1032      7.3%
   71.0   15134   16155    1022      7.2%
   72.0   15141   16155    1013      7.2%
   73.0   15147   16154    1007      7.1%
   74.0   15167   16176    1009      7.1%
   75.0   16910   17886     976      6.9%
   76.0   17286   18468    1182      8.4%
   77.0   17335   18480    1146      8.1%
   78.0   17367   18433    1066      7.6%
   79.0   17386   18411    1025      7.3%
   80.0   17405   18446    1041      7.4%
   81.0   16003   17087    1084      7.7%
   82.0   15134   16236    1102      7.8%
   83.0   15140   16250    1109      7.9%
   84.0   15138   16246    1108      7.8%
   85.0   15339   16441    1102      7.8%
   86.0   17113   18278    1165      8.3%
   87.0   17224   18534    1310      9.3%
   88.0   17260   18525    1264      9.0%
   89.0   17291   18428    1137      8.1%
   90.0   17350   18464    1114      7.9%
   91.0   17168   18305    1137      8.1%
   92.0   15305   16468    1163      8.2%
   93.0   15278   16425    1147      8.1%
   94.0   15307   16460    1153      8.2%
   95.0   15740   16854    1114      7.9%
   96.0   17326   18549    1224      8.7%
   97.0   17398   18743    1345      9.5%
   98.0   17441   18732    1291      9.1%
   99.0   17466   18387     920      6.5%
  100.0   17094   18072     979      6.9%
  101.0   15278   16423    1145      8.1%
  102.0   15269   16412    1142      8.1%
  103.0   15356   16486    1130      8.0%
  104.0   17242   18515    1273      9.0%
  105.0   17349   18787    1438     10.2%
  106.0   17380   18797    1417     10.0%
  107.0   17403   18780    1378      9.8%
  108.0   17427   18783    1356      9.6%
  109.0   17447   18794    1346      9.5%
  110.0   17464   18795    1331      9.4%
  111.0    2847    3992    1144      8.1%
  112.0    3081    3081       0      0.0%
  113.0    2977    2977       0      0.0%
  114.0    2921    2921       0      0.0%
  115.0    3027    3027       0      0.0%
  116.0    3082    3082       0      0.0%
  117.0    3074    3074       0      0.0%
  118.0    3053    3053       0      0.0%
  119.0    3034    3034       0      0.0%
  120.0    6571    6578       8      0.1%
  121.0   12539   12925     386      2.7%
  122.0   12966   13106     140      1.0%
  123.0   13171   13105     -65     -0.5%
  124.0   13337   13163    -174     -1.2%
  125.0   13458   13243    -215     -1.5%
  126.0   13525   13133    -392     -2.8%
  127.0   13574   13083    -492     -3.5%
  128.0   13650   13108    -542     -3.8%
  129.0   13732   13124    -608     -4.3%
  130.0   15211   14659    -552     -3.9%
  131.0   16598   16229    -368     -2.6%
  132.0   16675   16259    -416     -2.9%
  133.0   16728   16259    -469     -3.3%
  134.0   16758   16235    -524     -3.7%
  135.0   16795   16149    -647     -4.6%
  136.0   16683   15970    -713     -5.1%
  137.0    3271    2990    -281     -2.0%
  138.0    3046    3046       0      0.0%
  139.0    2992    2992       0      0.0%
  140.0    2987    2987       0      0.0%
  141.0    3127    3127       0      0.0%
  142.0   14560   14878     318      2.3%
  143.0   13906   13881     -25     -0.2%
  144.0   14174   14165      -9     -0.1%
  145.0   14364   14371       7      0.0%
  146.0    9606    9662      56      0.4%
  147.0    2957    2986      29      0.2%
  148.0    3039    3039       0      0.0%
  149.0    9210    9296      86      0.6%
  150.0   13558   13944     387      2.7%
  151.0   13788   13992     205      1.4%
  152.0   13977   14005      28      0.2%
  153.0   14093   14037     -56     -0.4%
  154.0   14196   14095    -101     -0.7%
  155.0   16520   16554      34      0.2%
  156.0   16954   17040      86      0.6%
  157.0   17030   17042      12      0.1%
  158.0   17081   17030     -51     -0.4%
  159.0   17114   17043     -71     -0.5%
  160.0   15797   15764     -33     -0.2%
  161.0   15048   15069      21      0.1%
  162.0   15073   15087      14      0.1%
  163.0   15085   15086       1      0.0%
  164.0   15067   15063      -4     -0.0%
  165.0   16660   16669       9      0.1%
  166.0   17161   17358     197      1.4%
  167.0   17198   17360     162      1.1%
  168.0   17225   17371     147      1.0%
  169.0   17261   17404     143      1.0%
  170.0   17290   17419     129      0.9%
  171.0   17215   17327     112      0.8%
  172.0   15299   15463     164      1.2%
  173.0   15342   15505     163      1.2%
  174.0   15311   15465     155      1.1%
  175.0   16779   17020     242      1.7%
  176.0   17283   17769     487      3.4%
  177.0   17325   17778     453      3.2%
  178.0   17372   17785     413      2.9%
  179.0   17403   17825     421      3.0%
  180.0   17429   17856     428      3.0%
  181.0   17449   17883     434      3.1%
  182.0   16504   16955     450      3.2%
  183.0   15308   15799     491      3.5%
  184.0   15334   15819     484      3.4%
  185.0   15339   15816     477      3.4%
  186.0   15725   16177     452      3.2%
  187.0   17274   17862     588      4.2%
  188.0   17383   18011     628      4.4%
  189.0   17432   18001     569      4.0%
  190.0   17455   18011     556      3.9%
  191.0   17488   18042     554      3.9%
  192.0   17503   18048     545      3.9%
  193.0   17520   18051     532      3.8%
  194.0   16987   17508     521      3.7%
  195.0   15381   15933     552      3.9%
  196.0   15374   15957     584      4.1%
  197.0   15381   15994     612      4.3%
  198.0   15384   16012     628      4.5%
  199.0   15389   16024     635      4.5%
  200.0   15392   16027     635      4.5%
  201.0   15393   16031     638      4.5%
  202.0   16380   16955     575      4.1%
  203.0   17334   18143     809      5.7%
  204.0   17406   18153     748      5.3%
  205.0   17459   18155     696      4.9%
  206.0   17490   18178     688      4.9%
  207.0   17515   18199     685      4.9%
  208.0   15695   16397     702      5.0%
  209.0   15373   16083     711      5.0%
  210.0   15344   16084     741      5.2%
  211.0    4966    5964     997      7.1%
  212.0    3067    3067       0      0.0%
  213.0    2931    2931       0      0.0%
  214.0    2850    2850       0      0.0%
  215.0    2820    2820       0      0.0%
  216.0    2840    2840       0      0.0%
  217.0    2838    2838       0      0.0%
  218.0    3000    3000       0      0.0%
  219.0   12469   12747     278      2.0%
  220.0   13252   13634     382      2.7%
  221.0   13471   13642     171      1.2%
  222.0   13626   13637      12      0.1%
  223.0   13692   13664     -28     -0.2%
  224.0   14371   14301     -69     -0.5%
  225.0   16891   17101     210      1.5%
  226.0   17011   17255     244      1.7%
  227.0   17103   17240     137      1.0%
  228.0   17147   17236      89      0.6%
  229.0   17173   17252      79      0.6%
  230.0   17220   17291      71      0.5%
  231.0   16188   16268      80      0.6%
  232.0   15086   15200     114      0.8%
  233.0   15076   15184     108      0.8%
  234.0   15079   15187     108      0.8%
  235.0   15086   15196     110      0.8%
  236.0   16630   16788     158      1.1%
  237.0   16991   17138     147      1.0%
  238.0   17030   17140     110      0.8%
  239.0   17077   17131      54      0.4%
  240.0   16801   16826      24      0.2%
  241.0   15121   15203      82      0.6%
  242.0   15142   15230      88      0.6%
  243.0   15305   15396      91      0.6%
  244.0   17174   17398     224      1.6%
  245.0   17280   17550     269      1.9%
  246.0   17336   17544     208      1.5%
  247.0   17366   17555     189      1.3%
  248.0   15942   16226     284      2.0%
  249.0   15271   15651     379      2.7%
  250.0   15276   15656     380      2.7%
  251.0   16373   16740     367      2.6%
  252.0   17347   17886     539      3.8%
  253.0   17394   17896     501      3.6%
  254.0   17416   17876     461      3.3%
  255.0   17444   17877     433      3.1%
  256.0   17461   17900     439      3.1%
  257.0   16796   17266     469      3.3%
  258.0   15333   15870     537      3.8%
  259.0   15344   15892     548      3.9%
  260.0   15353   15906     553      3.9%
  261.0   15849   16333     485      3.4%
  262.0   17356   18009     653      4.6%
  263.0   17449   18141     691      4.9%
  264.0   17477   18149     672      4.8%
  265.0   17518   18289     770      5.5%
  266.0   17544   18300     756      5.4%
  267.0   16843   17601     758      5.4%
  268.0   15402   16297     895      6.3%
  269.0   15532   16426     894      6.3%
  270.0   15551   16422     871      6.2%
  271.0   16108   16912     803      5.7%
  272.0   17482   18477     995      7.0%
  273.0   17575   18553     978      6.9%
  274.0   17611   18556     945      6.7%
  275.0   17629   18322     693      4.9%
  276.0   17639   18386     748      5.3%
  277.0   17653   18440     787      5.6%
  278.0   17661   18475     815      5.8%
  279.0   16125   17016     891      6.3%
  280.0   15439   16365     926      6.6%
  281.0   15416   16342     925      6.6%
  282.0   15416   16339     923      6.5%
  283.0   16400   17224     825      5.8%
  284.0   17556   18677    1121      7.9%
  285.0   17608   18744    1136      8.0%
  286.0   17645   18728    1083      7.7%
  287.0    6864    7981    1116      7.9%
  288.0    3164    3292     128      0.9%
  289.0    3047    3047       0      0.0%
  290.0    2913    2913       0      0.0%
  291.0    2853    2853       0      0.0%
  292.0    6390    6394       4      0.0%
  293.0   15984   16561     577      4.1%
  294.0   16514   16851     337      2.4%
  295.0   16731   16850     119      0.8%
  296.0   16826   16878      52      0.4%
  297.0   16864   16878      14      0.1%
  298.0   16905   16866     -39     -0.3%
  299.0   16929   16849     -80     -0.6%
  300.0   16961   16855    -106     -0.7%
  301.0   17004   16856    -148     -1.1%
  302.0   12160   12083     -77     -0.5%
  303.0    3067    3116      49      0.3%
  304.0    2945    2945       0      0.0%
  305.0    2822    2822       0      0.0%
  306.0    2801    2801       0      0.0%
  307.0    2960    2960       0      0.0%
  308.0   15688   16055     367      2.6%
  309.0   16404   16927     523      3.7%
  310.0   16646   16936     290      2.1%
  311.0   16730   16979     249      1.8%
  312.0   16814   17058     244      1.7%
  313.0   16908   17102     195      1.4%
  314.0   14605   14801     196      1.4%
  315.0    3108    3369     261      1.8%
  316.0    3051    3051       0      0.0%
  317.0    2989    2989       0      0.0%
  318.0    9859    9942      83      0.6%
  319.0   16101   16711     610      4.3%
  320.0   16585   16783     198      1.4%
  321.0   16725   16781      55      0.4%
  322.0   15801   15815      14      0.1%
  323.0   14589   14638      48      0.3%
  324.0   14648   14666      18      0.1%
  325.0   14679   14663     -16     -0.1%
  326.0   16438   16457      20      0.1%
  327.0   17059   17242     184      1.3%
  328.0   17117   17242     125      0.9%
  329.0   17164   17256      92      0.7%
  330.0   16902   16987      85      0.6%
  331.0   15191   15389     198      1.4%
  332.0   15172   15377     205      1.5%
  333.0   15172   15385     213      1.5%
  334.0   15754   15998     244      1.7%
  335.0   17157   17722     566      4.0%
  336.0   17264   17741     477      3.4%
  337.0   17296   17744     448      3.2%

wrote results/probeb_timeline.csv
