n=33908 span=337.5s  空载≈2851 受载≈17548
加载沿(s) = [2.27, 120.67, 142.03, 149.41, 219.08, 292.74, 308.07, 318.49]
卸载沿(s) = [2.27, 111.06, 137.04, 146.64, 211.14, 287.29, 302.68, 314.83, 337.53]

── 逐次加载：真过充（main 超过自身稳态值）与到带时间 ──
 i    t_up   base    A_e main_ss main_peak  OS_true  t_peak    T2%    T5% pre10-90
 0    2.27   2648  14818   18798     17978    -5.5%   -0.03    nan    nan     5.06
 1  120.67   3032  13795   16107     16495     2.8%   10.15   9.92   9.92     9.88
 2  142.03   2960  11508   14469     16284    15.8%    0.61   0.03   0.00     0.00
 3  149.41   3029  12334   16102     17827    14.0%   29.89   5.75   5.53     4.39
 4  219.08   2848  14798   18728     17599    -7.6%   26.86    nan    nan     5.71
 5  292.74   2853  14166   16844     16902     0.4%    3.75   0.60   0.43     0.37
 6  308.07   2762  14233   17133     17180     0.3%    6.04   0.70   0.50     0.12
 7  318.49   2974  14312   17744     17805     0.4%   16.95  16.45   8.34     0.61

wrote results/probec_traces.txt (674 lines)
