
### 沿 #0  t_up=2.27s  t_down=111.06s  base=2648  A_e=14818
       t     pre    main   pre-b  main-b  (main-pre)/A
   -0.20    2639    2639      -9      -9          0.0%
   -0.16    2634    2634     -14     -14          0.0%
   -0.12    2639    2639      -9      -9          0.0%
   -0.08    2634    2634     -14     -14          0.0%
   -0.04   11118   11118    8470    8470          0.0%
    0.00   10584   10584    7936    7936          0.0%
    0.04   10962   10962    8314    8314          0.0%
    0.08   11132   11132    8484    8484          0.0%
    0.12   11317   11317    8669    8669          0.0%
    0.16   11395   11395    8747    8747          0.0%
    0.20   11402   11402    8754    8754          0.0%
    0.24   11438   11438    8790    8790          0.0%
    0.28   11514   11523    8866    8875          0.1%
    0.32   11644   11685    8996    9037          0.3%
    0.36   11706   11795    9058    9147          0.6%
    0.40   11695   11853    9047    9205          1.1%
    0.42   11715   11931    9067    9283          1.5%
    0.44   11776   11993    9128    9345          1.5%
    0.48   11807   12101    9159    9453          2.0%
    0.50   11857   12201    9209    9553          2.3%
    0.54   11895   12296    9247    9648          2.7%
    0.58   11963   12408    9315    9760          3.0%
    0.62   12001   12468    9353    9820          3.2%
    0.66   12020   12489    9372    9841          3.2%
    0.70   12033   12503    9385    9855          3.2%
    0.74   12047   12518    9399    9870          3.2%
    0.80   12068   12540    9420    9892          3.2%
    0.82   12070   12542    9422    9894          3.2%
    0.84   12096   12568    9448    9920          3.2%
    0.86   12106   12579    9458    9931          3.2%
    0.90   12146   12621    9498    9973          3.2%
    0.94   12178   12655    9530   10007          3.2%
    0.98   12199   12685    9551   10037          3.3%
    1.00   12206   12691    9558   10043          3.3%
    1.02   12217   12688    9569   10040          3.2%
    1.06   12226   12687    9578   10039          3.1%
    1.10   12239   12689    9591   10041          3.0%
    1.14   12287   12704    9639   10056          2.8%
    1.18   12340   12692    9692   10044          2.4%
    1.22   12359   12682    9711   10034          2.2%
    1.28   12370   12683    9722   10035          2.1%
    1.30   12372   12675    9724   10027          2.0%
    1.34   12389   12687    9741   10039          2.0%
    1.38   12389   12680    9741   10032          2.0%
    1.42   12404   12686    9756   10038          1.9%
    1.46   12421   12676    9773   10028          1.7%
    1.50   12433   12684    9785   10036          1.7%
    1.54   12436   12678    9788   10030          1.6%
    1.58   12451   12676    9803   10028          1.5%
    1.62   12462   12677    9814   10029          1.4%
    1.66   12473   12674    9825   10026          1.4%
    1.70   12473   12674    9825   10026          1.4%
    1.74   12480   12680    9832   10032          1.3%
    1.80   12493   12670    9845   10022          1.2%
    1.82   12497   12670    9849   10022          1.2%
    1.86   12504   12675    9856   10027          1.2%
    1.90   12575   12702    9927   10054          0.9%
    1.94   12578   12660    9930   10012          0.6%
    1.98   12604   12681    9956   10033          0.5%
    2.02   12584   12646    9936    9998          0.4%
    2.06   12588   12665    9940   10017          0.5%
    2.10   12592   12670    9944   10022          0.5%
    2.14   12600   12667    9952   10019          0.5%
    2.18   12601   12662    9953   10014          0.4%
    2.22   12602   12668    9954   10020          0.4%
    2.26   12607   12666    9959   10018          0.4%
    2.30   12608   12667    9960   10019          0.4%
    2.34   12609   12664    9961   10016          0.4%
    2.38   12613   12666    9965   10018          0.4%
    2.42   12620   12668    9972   10020          0.3%
    2.46   12625   12665    9977   10017          0.3%
    2.50   12625   12663    9977   10015          0.3%
    2.54   12626   12664    9978   10016          0.3%
    2.58   12631   12667    9983   10019          0.2%
    2.62   12634   12665    9986   10017          0.2%
    2.66   12634   12662    9986   10014          0.2%
    2.70   12638   12663    9990   10015          0.2%
    2.74   12645   12668    9997   10020          0.2%
    2.78   12649   12662   10001   10014          0.1%
    2.84   12640   12660    9992   10012          0.1%
    2.86   12598   12661    9950   10013          0.4%
    2.90   12599   12665    9951   10017          0.4%
    2.94   12602   12664    9954   10016          0.4%
    2.98   12369   12424    9721    9776          0.4%

### 沿 #1  t_up=120.67s  t_down=137.04s  base=3032  A_e=13795
       t     pre    main   pre-b  main-b  (main-pre)/A
   -0.18    3032    3032       0       0          0.0%
   -0.14    3032    3032       0       0          0.0%
   -0.10    2902    2902    -130    -130          0.0%
   -0.06   10014   10014    6982    6982          0.0%
   -0.00   10987   10987    7955    7955          0.0%
    0.02   11206   11206    8174    8174          0.0%
    0.08   11498   11498    8466    8466          0.0%
    0.10   11680   11680    8648    8648          0.0%
    0.16   11884   11884    8852    8852          0.0%
    0.20   11982   11983    8950    8951          0.0%
    0.22   11998   12009    8966    8977          0.1%
    0.28   12064   12118    9032    9086          0.4%
    0.32   12120   12239    9088    9207          0.9%
    0.34   12175   12323    9143    9291          1.1%
    0.38   12208   12406    9176    9374          1.4%
    0.42   12240   12529    9208    9497          2.1%
    0.46   12260   12610    9228    9578          2.5%
    0.50   12293   12706    9261    9674          3.0%
    0.54   12310   12757    9278    9725          3.2%
    0.60   12326   12793    9294    9761          3.4%
    0.62   12392   12862    9360    9830          3.4%
    0.68   12418   12889    9386    9857          3.4%
    0.70   12453   12926    9421    9894          3.4%
    0.74   12501   12976    9469    9944          3.4%
    0.80   12525   13002    9493    9970          3.5%
    0.82   12538   13015    9506    9983          3.5%
    0.88   12573   13052    9541   10020          3.5%
    0.90   12605   13086    9573   10054          3.5%
    0.94   12629   13097    9597   10065          3.4%
    1.00   12664   13115    9632   10083          3.3%
    1.02   12702   13104    9670   10072          2.9%
    1.08   12726   13106    9694   10074          2.8%
    1.10   12743   13093    9711   10061          2.5%
    1.14   12759   13102    9727   10070          2.5%
    1.16   12770   13099    9738   10067          2.4%
    1.20   12790   13099    9758   10067          2.2%
    1.24   12794   13099    9762   10067          2.2%
    1.28   12797   13094    9765   10062          2.2%
    1.32   12807   13099    9775   10067          2.1%
    1.36   12828   13108    9796   10076          2.0%
    1.42   12842   13101    9810   10069          1.9%
    1.44   12851   13100    9819   10068          1.8%
    1.48   12870   13102    9838   10070          1.7%
    1.52   12882   13106    9850   10074          1.6%
    1.56   12898   13101    9866   10069          1.5%
    1.60   12905   13104    9873   10072          1.4%
    1.64   12912   13105    9880   10073          1.4%
    1.68   12919   13100    9887   10068          1.3%
    1.72   12927   13113    9895   10081          1.3%
    1.76   12946   13110    9914   10078          1.2%
    1.80   12950   13109    9918   10077          1.2%
    1.84   12970   13103    9938   10071          1.0%
    1.88   12996   13113    9964   10081          0.8%
    1.92   13009   13104    9977   10072          0.7%
    1.96   13020   13111    9988   10079          0.7%
    2.00   13028   13106    9996   10074          0.6%
    2.04   13034   13114   10002   10082          0.6%
    2.08   13045   13112   10013   10080          0.5%
    2.12   13049   13108   10017   10076          0.4%
    2.16   13046   13105   10014   10073          0.4%
    2.20   13048   13107   10016   10075          0.4%
    2.24   13054   13107   10022   10075          0.4%
    2.28   13055   13110   10023   10078          0.4%
    2.32   13068   13103   10036   10071          0.3%
    2.36   13079   13115   10047   10083          0.3%
    2.40   13082   13108   10050   10076          0.2%
    2.46   13088   13105   10056   10073          0.1%
    2.48   13093   13110   10061   10078          0.1%
    2.52   13100   13110   10068   10078          0.1%
    2.56   13112   13107   10080   10075         -0.0%
    2.60   13126   13112   10094   10080         -0.1%
    2.64   13146   13112   10114   10080         -0.2%
    2.68   13158   13110   10126   10078         -0.3%
    2.72   13168   13103   10136   10071         -0.5%
    2.76   13170   13105   10138   10073         -0.5%
    2.80   13180   13107   10148   10075         -0.5%
    2.84   13182   13103   10150   10071         -0.6%
    2.88   13192   13109   10160   10077         -0.6%
    2.94   13200   13105   10168   10073         -0.7%
    2.98   13202   13098   10170   10066         -0.8%
    3.00   13206   13103   10174   10071         -0.7%

### 沿 #2  t_up=142.03s  t_down=146.64s  base=2960  A_e=11508
       t     pre    main   pre-b  main-b  (main-pre)/A
   -0.20    2946    2946     -14     -14          0.0%
   -0.14    2942    2942     -19     -19          0.0%
   -0.12    2961    2961       0       0          0.0%
   -0.08    6730    6730    3769    3769          0.0%
   -0.02   12428   12428    9468    9468          0.0%
    0.02   14003   14003   11042   11042          0.0%
    0.04   14449   14449   11489   11489          0.0%
    0.08   14810   14810   11850   11850          0.0%
    0.12   14990   14990   12030   12030          0.0%
    0.16   15091   15091   12130   12130          0.0%
    0.20   15201   15203   12241   12242          0.0%
    0.24   15231   15250   12271   12289          0.2%
    0.28   15256   15314   12295   12354          0.5%
    0.32   15298   15424   12338   12463          1.1%
    0.36   15526   15737   12566   12777          1.8%
    0.40   15488   15804   12528   12844          2.7%
    0.44   15359   15750   12398   12790          3.4%
    0.48   15426   15905   12465   12945          4.2%
    0.52   15506   16063   12546   13103          4.8%
    0.56   15408   16015   12448   13054          5.3%
    0.60   15486   16110   12526   13150          5.4%
    0.64   14192   14799   11231   11839          5.3%
    0.68   13500   14026   10540   11066          4.6%
    0.72   13704   14237   10744   11277          4.6%
    0.76   13749   14291   10788   11330          4.7%
    0.80   13691   14229   10730   11268          4.7%
    0.84   13668   14205   10708   11245          4.7%
    0.88   13684   14222   10724   11261          4.7%
    0.92   13700   14238   10739   11278          4.7%
    0.96   13714   14226   10753   11265          4.5%
    1.02   13727   13745   10766   10784          0.2%
    1.06   13736   13713   10776   10753         -0.2%
    1.08   13742   13724   10782   10763         -0.2%
    1.12   13752   13724   10792   10764         -0.2%
    1.16   13786   13766   10826   10806         -0.2%
    1.20   13814   13757   10854   10796         -0.5%
    1.24   13829   13783   10868   10822         -0.4%
    1.28   13840   13816   10880   10855         -0.2%
    1.32   13854   13829   10894   10868         -0.2%
    1.36   13850   13834   10890   10874         -0.1%
    1.40   13897   13871   10936   10911         -0.2%
    1.44   13918   13841   10958   10881         -0.7%
    1.48   13931   13909   10970   10949         -0.2%
    1.52   13942   13906   10982   10945         -0.3%
    1.56   13954   13924   10994   10964         -0.3%
    1.60   13960   13944   10999   10984         -0.1%
    1.64   13981   13959   11020   10998         -0.2%
    1.68   13994   13959   11033   10999         -0.3%
    1.72   13999   13977   11039   11017         -0.2%
    1.76   14005   13988   11044   11028         -0.1%
    1.80   14011   13995   11050   11034         -0.1%
    1.84   14017   14009   11056   11048         -0.1%
    1.88   14022   14002   11062   11042         -0.2%
    1.92   14034   14016   11074   11056         -0.2%
    1.96   14046   14023   11086   11062         -0.2%
    2.00   14052   14036   11091   11075         -0.1%
    2.04   14068   14046   11108   11085         -0.2%
    2.08   14072   14055   11112   11095         -0.1%
    2.12   14075   14067   11114   11106         -0.1%
    2.16   14082   14073   11122   11113         -0.1%
    2.20   14090   14083   11130   11122         -0.1%
    2.24   14098   14085   11138   11125         -0.1%
    2.28   14102   14092   11141   11131         -0.1%
    2.30   14140   14133   11180   11173         -0.1%
    2.34   14154   14117   11193   11157         -0.3%
    2.36   14160   14123   11200   11163         -0.3%
    2.38   14159   14142   11198   11182         -0.1%
    2.40   14162   14145   11201   11184         -0.1%
    2.42   14163   14159   11202   11199         -0.0%
    2.44   14168   14164   11208   11203         -0.0%
    2.46   14172   14164   11211   11204         -0.1%
    2.48   14181   14172   11220   11212         -0.1%
    2.52   14186   14176   11226   11215         -0.1%
    2.54   14192   14193   11232   11233          0.0%
    2.60   14213   14199   11253   11238         -0.1%
    2.62   14224   14206   11264   11246         -0.2%
    2.64   14243   14224   11282   11264         -0.2%
    2.68   14242   14230   11282   11270         -0.1%
    2.72   14250   14237   11290   11277         -0.1%
    2.74   14254   14250   11294   11290         -0.0%
    2.80   14258   14261   11297   11301          0.0%
    2.84   14260   14265   11300   11304          0.0%
    2.86   14268   14266   11307   11306         -0.0%
    2.88   14275   14274   11314   11313         -0.0%
    2.90   14274   14276   11314   11316          0.0%
    2.92   14274   14274   11314   11314          0.0%
    2.96   14277   14280   11316   11320          0.0%

### 沿 #3  t_up=149.41s  t_down=211.14s  base=3029  A_e=12334
       t     pre    main   pre-b  main-b  (main-pre)/A
   -0.20    3064    3064      36      36          0.0%
   -0.16    3073    3073      44      44          0.0%
   -0.12    3099    3099      70      70          0.0%
   -0.08    3088    3088      59      59          0.0%
   -0.06    6254    6254    3225    3225          0.0%
   -0.02   10909   10909    7880    7880          0.0%
    0.04   11508   11508    8479    8479          0.0%
    0.06   11809   11809    8780    8780          0.0%
    0.12   12127   12127    9098    9098          0.0%
    0.16   12293   12293    9264    9264          0.0%
    0.20   12416   12366    9387    9337         -0.4%
    0.24   12519   12474    9490    9445         -0.4%
    0.28   12592   12583    9563    9554         -0.1%
    0.30   12638   12665    9609    9636          0.2%
    0.38   12718   12851    9690    9822          1.1%
    0.42   12758   12952    9728    9923          1.6%
    0.44   12915   13174    9886   10145          2.1%
    0.50   12995   13339    9966   10310          2.8%
    0.52   13126   13523   10097   10494          3.2%
    0.56   13180   13614   10151   10585          3.5%
    0.60   13209   13664   10180   10635          3.7%
    0.64   13233   13691   10204   10662          3.7%
    0.70   13258   13718   10230   10689          3.7%
    0.72   13282   13742   10252   10713          3.7%
    0.78   13306   13767   10276   10738          3.7%
    0.80   13350   13814   10322   10785          3.8%
    0.82   13402   13867   10373   10838          3.8%
    0.84   13435   13905   10406   10876          3.8%
    0.88   13474   13941   10445   10912          3.8%
    0.92   13550   14023   10521   10994          3.8%
    0.96   13544   14012   10515   10983          3.8%
    1.00   13574   14014   10545   10985          3.6%
    1.04   13582   14003   10553   10974          3.4%
    1.06   13610   13998   10581   10969          3.1%
    1.10   13615   14001   10586   10972          3.1%
    1.14   13622   14005   10592   10976          3.1%
    1.18   13639   14000   10610   10971          2.9%
    1.22   13647   13998   10618   10969          2.8%
    1.26   13655   13999   10626   10970          2.8%
    1.30   13668   13997   10639   10968          2.7%
    1.34   13678   13992   10648   10963          2.6%
    1.38   13685   13999   10656   10970          2.5%
    1.42   13688   13991   10660   10962          2.5%
    1.44   13688   13993   10660   10964          2.5%
    1.46   13696   13993   10667   10964          2.4%
    1.50   13701   13994   10672   10965          2.4%
    1.54   13709   13996   10680   10967          2.3%
    1.58   13719   13993   10690   10964          2.2%
    1.62   13724   13992   10695   10963          2.2%
    1.66   13728   13991   10699   10962          2.1%
    1.70   13729   13991   10700   10962          2.1%
    1.76   13731   13992   10702   10963          2.1%
    1.80   13734   13993   10706   10964          2.1%
    1.82   13742   13991   10713   10962          2.0%
    1.86   13752   13996   10723   10967          2.0%
    1.90   13762   13991   10732   10962          1.9%
    1.94   13765   13989   10736   10960          1.8%
    1.98   13768   13993   10738   10964          1.8%
    2.02   13772   13994   10744   10965          1.8%
    2.06   13774   13990   10746   10961          1.7%
    2.10   13776   13992   10748   10963          1.7%
    2.14   13783   13989   10754   10960          1.7%
    2.18   13786   13989   10757   10960          1.6%
    2.22   13792   13991   10763   10962          1.6%
    2.26   13803   13992   10774   10963          1.5%
    2.32   13813   13993   10784   10964          1.5%
    2.36   13825   13992   10796   10963          1.4%
    2.38   13832   13999   10804   10970          1.3%
    2.42   13840   13991   10811   10962          1.2%
    2.46   13851   13998   10822   10969          1.2%
    2.50   13857   13995   10828   10966          1.1%
    2.54   13868   13995   10839   10966          1.0%
    2.58   13883   13993   10854   10964          0.9%
    2.62   13891   14003   10862   10974          0.9%
    2.66   13905   14000   10876   10971          0.8%
    2.70   13918   14004   10889   10975          0.7%
    2.74   13928   13997   10899   10968          0.6%
    2.80   13921   13998   10892   10969          0.6%
    2.84   13927   14002   10898   10973          0.6%
    2.86   13940   14001   10911   10972          0.5%
    2.90   13946   14001   10917   10972          0.4%
    2.94   13946   14001   10916   10972          0.4%
    2.98   13956   14003   10927   10974          0.4%

### 沿 #4  t_up=219.08s  t_down=287.29s  base=2848  A_e=14798
       t     pre    main   pre-b  main-b  (main-pre)/A
   -0.18    2860    2860      12      12          0.0%
   -0.14    2864    2864      15      15          0.0%
   -0.12    2854    2854       6       6          0.0%
   -0.08    6526    6526    3678    3678          0.0%
   -0.02   11014   11014    8166    8166          0.0%
    0.00   11302   11302    8454    8454          0.0%
    0.06   11619   11619    8771    8771          0.0%
    0.10   11960   11960    9112    9112          0.0%
    0.14   12102   12102    9254    9254          0.0%
    0.18   12183   12184    9334    9336          0.0%
    0.22   12240   12251    9392    9402          0.1%
    0.26   12326   12366    9477    9517          0.3%
    0.30   12392   12492    9544    9643          0.7%
    0.34   12472   12625    9623    9776          1.0%
    0.38   12524   12767    9676    9919          1.6%
    0.42   12560   12864    9711   10015          2.1%
    0.46   12586   12950    9737   10101          2.5%
    0.50   12613   13050    9764   10201          3.0%
    0.54   12665   13135    9816   10286          3.2%
    0.58   12727   13221    9878   10372          3.3%
    0.62   12820   13318    9971   10470          3.4%
    0.66   12883   13385   10034   10537          3.4%
    0.70   12930   13434   10082   10585          3.4%
    0.74   12981   13488   10132   10639          3.4%
    0.78   13074   13586   10225   10737          3.5%
    0.82   13059   13570   10211   10722          3.5%
    0.86   13108   13621   10260   10773          3.5%
    0.90   13123   13637   10275   10789          3.5%
    0.94   13128   13623   10279   10775          3.4%
    0.96   13146   13633   10298   10784          3.3%
    1.02   13160   13623   10311   10774          3.1%
    1.04   13166   13630   10317   10782          3.1%
    1.08   13180   13632   10332   10783          3.1%
    1.12   13190   13628   10342   10779          3.0%
    1.16   13190   13624   10342   10776          2.9%
    1.20   13206   13635   10358   10786          2.9%
    1.24   13212   13629   10363   10781          2.8%
    1.28   13231   13631   10382   10783          2.7%
    1.32   13240   13635   10392   10786          2.7%
    1.36   13248   13632   10400   10784          2.6%
    1.40   13262   13636   10413   10788          2.5%
    1.44   13266   13631   10418   10782          2.5%
    1.48   13268   13637   10419   10789          2.5%
    1.52   13271   13629   10422   10780          2.4%
    1.56   13287   13641   10438   10793          2.4%
    1.62   13294   13636   10446   10787          2.3%
    1.64   13306   13635   10458   10787          2.2%
    1.68   13312   13639   10464   10791          2.2%
    1.72   13306   13636   10458   10787          2.2%
    1.76   13317   13635   10468   10787          2.2%
    1.80   13325   13642   10476   10794          2.1%
    1.84   13338   13639   10490   10790          2.0%
    1.88   13346   13639   10498   10791          2.0%
    1.92   13355   13645   10507   10796          2.0%
    1.98   13356   13637   10508   10788          1.9%
    2.00   13361   13638   10512   10790          1.9%
    2.04   13368   13643   10520   10795          1.9%
    2.08   13382   13647   10534   10798          1.8%
    2.12   13391   13641   10542   10793          1.7%
    2.16   13403   13646   10555   10797          1.6%
    2.20   13417   13642   10568   10793          1.5%
    2.24   13436   13641   10588   10793          1.4%
    2.28   13446   13650   10598   10801          1.4%
    2.32   13462   13643   10614   10795          1.2%
    2.36   13465   13646   10617   10797          1.2%
    2.40   13474   13643   10625   10795          1.1%
    2.44   13478   13641   10630   10792          1.1%
    2.48   13480   13641   10632   10792          1.1%
    2.52   13494   13642   10646   10794          1.0%
    2.56   13512   13640   10663   10792          0.9%
    2.60   13511   13645   10663   10796          0.9%
    2.64   13519   13639   10671   10790          0.8%
    2.68   13528   13645   10679   10797          0.8%
    2.72   13530   13643   10681   10795          0.8%
    2.76   13536   13639   10688   10790          0.7%
    2.80   13550   13647   10702   10799          0.7%
    2.84   13553   13635   10704   10787          0.6%
    2.86   13560   13644   10712   10796          0.6%
    2.90   13560   13636   10712   10787          0.5%
    2.98   13564   13639   10715   10791          0.5%

### 沿 #5  t_up=292.74s  t_down=302.68s  base=2853  A_e=14166
       t     pre    main   pre-b  main-b  (main-pre)/A
   -0.18    2871    2871      18      18          0.0%
   -0.14    2880    2880      27      27          0.0%
   -0.10    2831    2831     -22     -22          0.0%
   -0.06    4892    4892    2039    2039          0.0%
   -0.00   13308   13308   10455   10455          0.0%
    0.04   14267   14267   11414   11414          0.0%
    0.08   14670   14670   11817   11817          0.0%
    0.10   14916   14916   12063   12063          0.0%
    0.16   14987   14987   12134   12134          0.0%
    0.20   15312   15344   12459   12491          0.2%
    0.24   15275   15334   12422   12481          0.4%
    0.28   15490   15594   12638   12741          0.7%
    0.30   15568   15732   12715   12879          1.2%
    0.36   15615   15888   12762   13035          1.9%
    0.40   15661   16015   12808   13162          2.5%
    0.42   15700   16134   12847   13281          3.1%
    0.48   15744   16289   12891   13436          3.8%
    0.50   15772   16379   12919   13526          4.3%
    0.56   15841   16510   12988   13657          4.7%
    0.60   15899   16584   13046   13731          4.8%
    0.62   15946   16633   13093   13780          4.9%
    0.66   15968   16657   13115   13804          4.9%
    0.70   15990   16680   13137   13827          4.9%
    0.76   16031   16723   13178   13870          4.9%
    0.78   16035   16727   13182   13874          4.9%
    0.82   16077   16771   13224   13918          4.9%
    0.84   16102   16798   13250   13945          4.9%
    0.90   16132   16829   13279   13976          4.9%
    0.94   16155   16853   13302   14000          4.9%
    0.98   16174   16841   13321   13988          4.7%
    1.02   16188   16847   13334   13994          4.7%
    1.06   16206   16848   13353   13995          4.5%
    1.10   16227   16846   13374   13993          4.4%
    1.12   16228   16841   13375   13988          4.3%
    1.16   16233   16846   13380   13993          4.3%
    1.20   16276   16861   13424   14008          4.1%
    1.24   16326   16852   13473   13999          3.7%
    1.28   16337   16840   13484   13987          3.6%
    1.34   16349   16857   13496   14004          3.6%
    1.36   16372   16847   13518   13994          3.4%
    1.42   16383   16843   13530   13990          3.2%
    1.46   16416   16864   13562   14011          3.2%
    1.50   16440   16855   13587   14002          2.9%
    1.52   16462   16851   13609   13998          2.7%
    1.58   16470   16847   13617   13994          2.7%
    1.60   16468   16839   13615   13986          2.6%
    1.62   16485   16854   13632   14001          2.6%
    1.64   16497   16847   13644   13994          2.5%
    1.68   16511   16847   13658   13994          2.4%
    1.72   16517   16844   13664   13991          2.3%
    1.76   16523   16849   13670   13996          2.3%
    1.80   16530   16849   13678   13996          2.2%
    1.84   16540   16849   13687   13996          2.2%
    1.88   16544   16848   13691   13995          2.1%
    1.92   16560   16849   13707   13996          2.0%
    1.96   16572   16853   13719   14000          2.0%
    2.00   16581   16849   13728   13996          1.9%
    2.04   16595   16853   13742   14000          1.8%
    2.08   16608   16853   13755   14000          1.7%
    2.12   16616   16858   13762   14005          1.7%
    2.16   16629   16860   13776   14007          1.6%
    2.20   16649   16857   13796   14004          1.5%
    2.24   16667   16854   13814   14001          1.3%
    2.28   16676   16845   13823   13992          1.2%
    2.32   16678   16847   13825   13994          1.2%
    2.36   16690   16849   13837   13996          1.1%
    2.40   16698   16848   13845   13995          1.1%
    2.44   16708   16854   13856   14001          1.0%
    2.48   16722   16858   13869   14005          1.0%
    2.52   16728   16852   13875   13999          0.9%
    2.56   16734   16848   13880   13995          0.8%
    2.60   16728   16849   13876   13996          0.9%
    2.64   16728   16850   13876   13997          0.9%
    2.68   16728   16845   13875   13992          0.8%
    2.72   16728   16847   13876   13994          0.8%
    2.76   16725   16856   13872   14003          0.9%
    2.80   16726   16849   13874   13996          0.9%
    2.84   16729   16849   13876   13996          0.8%
    2.88   16736   16860   13883   14007          0.9%
    2.92   16741   16841   13888   13988          0.7%
    2.98   16748   16853   13895   14000          0.7%

### 沿 #6  t_up=308.07s  t_down=314.83s  base=2762  A_e=14233
       t     pre    main   pre-b  main-b  (main-pre)/A
   -0.20    2767    2767       4       4          0.0%
   -0.18    2754    2754      -9      -9          0.0%
   -0.14    2749    2749     -13     -13          0.0%
   -0.10    2769    2769       6       6          0.0%
   -0.06    7746    7746    4983    4983          0.0%
   -0.00   13894   13894   11132   11132          0.0%
    0.04   14428   14428   11666   11666          0.0%
    0.08   14738   14738   11976   11976          0.0%
    0.10   15124   15124   12362   12362          0.0%
    0.16   14908   14908   12146   12146          0.0%
    0.20   15286   15276   12524   12513         -0.1%
    0.22   15398   15392   12635   12629         -0.0%
    0.26   15545   15574   12782   12811          0.2%
    0.30   15706   15803   12943   13041          0.7%
    0.34   15750   15926   12987   13163          1.2%
    0.36   15809   16066   13046   13303          1.8%
    0.42   15840   16237   13077   13475          2.8%
    0.44   15887   16339   13124   13576          3.2%
    0.50   15947   16494   13185   13731          3.8%
    0.54   16032   16657   13270   13895          4.4%
    0.58   16085   16737   13322   13974          4.6%
    0.62   16108   16764   13346   14002          4.6%
    0.64   16137   16795   13375   14032          4.6%
    0.70   16177   16837   13415   14075          4.6%
    0.74   16200   16861   13437   14098          4.6%
    0.80   16216   16878   13454   14116          4.6%
    0.82   16241   16904   13479   14141          4.7%
    0.86   16240   16903   13478   14141          4.7%
    0.90   16245   16908   13482   14145          4.7%
    0.92   16266   16931   13504   14168          4.7%
    0.96   16286   16930   13524   14167          4.5%
    1.02   16296   16923   13534   14160          4.4%
    1.04   16308   16924   13546   14161          4.3%
    1.10   16320   16932   13558   14169          4.3%
    1.12   16343   16920   13580   14157          4.1%
    1.16   16344   16922   13581   14159          4.1%
    1.20   16359   16923   13596   14160          4.0%
    1.24   16360   16922   13598   14160          3.9%
    1.28   16366   16921   13604   14159          3.9%
    1.32   16376   16925   13614   14163          3.9%
    1.36   16374   16921   13611   14158          3.8%
    1.40   16384   16926   13621   14164          3.8%
    1.44   16391   16927   13628   14164          3.8%
    1.48   16405   16928   13643   14166          3.7%
    1.52   16416   16924   13654   14162          3.6%
    1.56   16422   16929   13660   14166          3.6%
    1.60   16436   16928   13674   14166          3.5%
    1.66   16444   16925   13682   14163          3.4%
    1.70   16444   16926   13682   14164          3.4%
    1.72   16461   16931   13699   14169          3.3%
    1.76   16482   16934   13719   14172          3.2%
    1.80   16504   16939   13741   14177          3.1%
    1.86   16523   16935   13761   14172          2.9%
    1.90   16525   16931   13762   14168          2.8%
    1.92   16537   16933   13775   14170          2.8%
    1.96   16545   16930   13783   14168          2.7%
    2.00   16557   16930   13794   14168          2.6%
    2.04   16561   16930   13798   14168          2.6%
    2.08   16577   16932   13815   14169          2.5%
    2.14   16588   16937   13826   14174          2.4%
    2.18   16599   16938   13837   14175          2.4%
    2.20   16616   16938   13853   14176          2.3%
    2.26   16627   16934   13865   14172          2.2%
    2.28   16632   16934   13870   14171          2.1%
    2.32   16646   16939   13884   14177          2.1%
    2.38   16650   16940   13888   14177          2.0%
    2.42   16656   16940   13894   14177          2.0%
    2.44   16666   16930   13903   14168          1.9%
    2.50   16664   16935   13901   14173          1.9%
    2.52   16670   16937   13908   14174          1.9%
    2.56   16682   16940   13920   14177          1.8%
    2.62   16682   16934   13919   14172          1.8%
    2.64   16684   16937   13922   14174          1.8%
    2.68   16686   16940   13924   14177          1.8%
    2.72   16689   16936   13926   14173          1.7%
    2.76   16698   16936   13935   14174          1.7%
    2.80   16690   16939   13928   14176          1.7%
    2.84   16693   16938   13930   14176          1.7%
    2.88   16698   16942   13936   14179          1.7%
    2.92   16703   16939   13941   14176          1.7%
    2.96   16706   16940   13944   14177          1.6%

### 沿 #7  t_up=318.49s  t_down=337.53s  base=2974  A_e=14312
       t     pre    main   pre-b  main-b  (main-pre)/A
   -0.20    2902    2902     -71     -71          0.0%
   -0.16    2890    2890     -83     -83          0.0%
   -0.10    2896    2896     -78     -78          0.0%
   -0.08    2893    2893     -80     -80          0.0%
   -0.04    7014    7014    4041    4041          0.0%
   -0.00   13414   13414   10441   10441          0.0%
    0.04   14546   14546   11572   11572          0.0%
    0.08   14804   14804   11830   11830          0.0%
    0.12   15078   15078   12105   12105          0.0%
    0.16   15193   15193   12219   12219          0.0%
    0.20   15307   15322   12334   12348          0.1%
    0.24   15448   15476   12475   12502          0.2%
    0.28   15488   15550   12514   12577          0.4%
    0.32   15546   15691   12572   12717          1.0%
    0.36   15603   15824   12629   12851          1.5%
    0.40   15637   15971   12664   12997          2.3%
    0.42   15682   16059   12708   13086          2.6%
    0.50   15716   16272   12742   13298          3.9%
    0.52   15781   16368   12808   13394          4.1%
    0.54   15817   16437   12844   13463          4.3%
    0.60   15846   16507   12872   13533          4.6%
    0.64   15835   16496   12861   13523          4.6%
    0.68   15864   16527   12890   13554          4.6%
    0.72   16018   16688   13044   13715          4.7%
    0.76   16004   16674   13030   13701          4.7%
    0.80   16071   16745   13098   13771          4.7%
    0.82   16082   16757   13109   13783          4.7%
    0.88   16097   16772   13123   13798          4.7%
    0.92   16102   16777   13128   13804          4.7%
    0.98   16108   16763   13135   13789          4.6%
    1.00   16111   16768   13137   13795          4.6%
    1.04   16117   16767   13143   13794          4.5%
    1.06   16136   16765   13162   13791          4.4%
    1.10   16152   16772   13178   13799          4.3%
    1.14   16169   16771   13196   13798          4.2%
    1.18   16184   16770   13211   13796          4.1%
    1.24   16197   16772   13224   13799          4.0%
    1.28   16203   16775   13229   13801          4.0%
    1.32   16227   16771   13253   13797          3.8%
    1.34   16244   16787   13270   13813          3.8%
    1.38   16260   16759   13286   13785          3.5%
    1.42   16265   16780   13292   13807          3.6%
    1.46   16274   16773   13301   13800          3.5%
    1.50   16302   16777   13328   13804          3.3%
    1.54   16313   16776   13339   13802          3.2%
    1.58   16401   16815   13427   13841          2.9%
    1.62   16495   16818   13522   13845          2.3%
    1.66   16533   16776   13559   13802          1.7%
    1.70   16536   16775   13563   13801          1.7%
    1.74   16542   16775   13569   13801          1.6%
    1.78   16557   16779   13583   13805          1.6%
    1.82   16562   16777   13589   13804          1.5%
    1.86   16577   16779   13604   13806          1.4%
    1.90   16586   16775   13613   13801          1.3%
    1.94   16583   16776   13610   13803          1.3%
    1.98   16589   16782   13616   13808          1.3%
    2.02   16604   16779   13630   13805          1.2%
    2.06   16610   16781   13637   13807          1.2%
    2.10   16619   16780   13646   13807          1.1%
    2.14   16625   16780   13652   13807          1.1%
    2.18   16635   16781   13661   13807          1.0%
    2.22   16636   16781   13662   13808          1.0%
    2.26   16642   16783   13669   13809          1.0%
    2.30   16650   16787   13676   13813          1.0%
    2.34   16657   16782   13684   13809          0.9%
    2.38   16657   16781   13684   13808          0.9%
    2.42   16660   16784   13686   13811          0.9%
    2.46   16667   16784   13693   13810          0.8%
    2.50   16676   16782   13703   13809          0.7%
    2.54   16681   16782   13708   13809          0.7%
    2.58   16682   16780   13708   13807          0.7%
    2.62   16684   16784   13710   13810          0.7%
    2.68   16689   16782   13716   13809          0.7%
    2.70   16691   16785   13718   13812          0.7%
    2.74   16696   16784   13722   13811          0.6%
    2.78   16698   16779   13725   13805          0.6%
    2.82   16700   16785   13727   13812          0.6%
    2.86   16709   16780   13736   13806          0.5%
    2.90   16712   16784   13739   13810          0.5%
    2.94   16713   16781   13739   13807          0.5%
    2.98   16718   16783   13744   13809          0.5%
